fixIdx,time,lat,lng,alt,tickLead,tickRace,zoneIdx,legIdx,togo,area
1,2016-01-09T01:40:40Z,-33.35133333,147.93290000,279.00,,,,,,
2,2016-01-09T01:40:50Z,-33.35021667,147.93226667,308.00,,,,,,
3,2016-01-09T01:41:00Z,-33.34905000,147.93158333,345.00,,,,,,
4,2016-01-09T01:41:10Z,-33.34795000,147.93095000,365.00,,,,,,
5,2016-01-09T01:41:20Z,-33.34691667,147.93045000,383.00,,,,,,
6,2016-01-09T01:41:30Z,-33.34608333,147.92970000,403.00,,,,,,
7,2016-01-09T01:41:40Z,-33.34531667,147.92870000,416.00,,,,,,
8,2016-01-09T01:41:50Z,-33.34473333,147.92741667,446.00,,,,,,
9,2016-01-09T01:42:00Z,-33.34441667,147.92576667,487.00,,,,,,
10,2016-01-09T01:42:10Z,-33.34403333,147.92420000,547.00,,,,,,
11,2016-01-09T01:42:20Z,-33.34393333,147.92265000,604.00,,,,,,
12,2016-01-09T01:42:30Z,-33.34421667,147.92388333,626.00,,,,,,
13,2016-01-09T01:42:40Z,-33.34475000,147.92400000,657.00,,,,,,
14,2016-01-09T01:42:50Z,-33.34483333,147.92421667,693.00,,,,,,
15,2016-01-09T01:43:00Z,-33.34481667,147.92470000,732.00,,,,,,
16,2016-01-09T01:43:10Z,-33.34498333,147.92545000,766.00,,,,,,
17,2016-01-09T01:43:20Z,-33.34550000,147.92621667,804.00,,,,,,
18,2016-01-09T01:43:30Z,-33.34603333,147.92646667,841.00,,,,,,
19,2016-01-09T01:43:40Z,-33.34618333,147.92653333,878.00,,,,,,
20,2016-01-09T01:43:50Z,-33.34596667,147.92720000,912.00,,,,,,
21,2016-01-09T01:44:00Z,-33.34636667,147.92823333,947.00,,,,,,
22,2016-01-09T01:44:10Z,-33.34708333,147.92843333,980.00,,,,,,
23,2016-01-09T01:44:20Z,-33.34681667,147.92856667,1010.00,,,,,,
24,2016-01-09T01:44:30Z,-33.34701667,147.92981667,1047.00,,,,,,
25,2016-01-09T01:44:40Z,-33.34823333,147.93006667,1091.00,,,,,,
26,2016-01-09T01:44:50Z,-33.34798333,147.93025000,1099.00,,,,,,
27,2016-01-09T01:45:00Z,-33.34800000,147.93228333,1149.00,,,,,,
28,2016-01-09T01:45:10Z,-33.34790000,147.93196667,1198.00,,,,,,
29,2016-01-09T01:45:20Z,-33.34846667,147.93266667,1234.00,,,,,,
30,2016-01-09T01:45:30Z,-33.34796667,147.93340000,1279.00,,,,,,
31,2016-01-09T01:45:40Z,-33.34871667,147.93310000,1328.00,,,,,,
32,2016-01-09T01:45:50Z,-33.34838333,147.93418333,1368.00,,,,,,
33,2016-01-09T01:46:00Z,-33.34871667,147.93405000,1415.00,,,,,,
34,2016-01-09T01:46:10Z,-33.34936667,147.93491667,1460.00,,,,,,
35,2016-01-09T01:46:20Z,-33.34910000,147.93596667,1501.00,,,,,,
36,2016-01-09T01:46:30Z,-33.34908333,147.93618333,1548.00,,,,,,
37,2016-01-09T01:46:40Z,-33.35008333,147.93651667,1597.00,,,,,,
38,2016-01-09T01:46:50Z,-33.35043333,147.93550000,1616.00,,,,,,
39,2016-01-09T01:47:00Z,-33.35071667,147.93503333,1652.00,,,,,,
40,2016-01-09T01:47:10Z,-33.35165000,147.93600000,1703.00,,,,,,
41,2016-01-09T01:47:20Z,-33.35135000,147.93745000,1737.00,,,,,,
42,2016-01-09T01:47:30Z,-33.35150000,147.93766667,1751.00,,,,,,
43,2016-01-09T01:47:40Z,-33.35230000,147.93858333,1760.00,,,,,,
44,2016-01-09T01:47:50Z,-33.35235000,147.93903333,1765.00,,,,,,
45,2016-01-09T01:48:00Z,-33.35320000,147.93860000,1781.00,,,,,,
46,2016-01-09T01:48:10Z,-33.35323333,147.93803333,1827.00,,,,,,
47,2016-01-09T01:48:20Z,-33.35363333,147.93961667,1878.00,,,,,,
48,2016-01-09T01:48:30Z,-33.35455000,147.93945000,1929.00,,,,,,
49,2016-01-09T01:48:40Z,-33.35466667,147.94098333,1954.00,,,,,,
50,2016-01-09T01:48:50Z,-33.35486667,147.94056667,1989.00,,,,,,
51,2016-01-09T01:49:00Z,-33.35546667,147.94198333,2023.00,,,,,,
52,2016-01-09T01:49:10Z,-33.35631667,147.94180000,2063.00,,,,,,
53,2016-01-09T01:49:20Z,-33.35593333,147.94266667,2088.00,,,,,,
54,2016-01-09T01:49:30Z,-33.35526667,147.94210000,2113.00,,,,,,
55,2016-01-09T01:49:40Z,-33.35433333,147.94201667,2148.00,,,,,,
56,2016-01-09T01:49:50Z,-33.35336667,147.94138333,2183.00,,,,,,
57,2016-01-09T01:50:00Z,-33.35290000,147.94053333,2227.00,,,,,,
58,2016-01-09T01:50:10Z,-33.35378333,147.94160000,2270.00,,,,,,
59,2016-01-09T01:50:20Z,-33.35396667,147.94111667,2299.00,,,,,,
60,2016-01-09T01:50:30Z,-33.35431667,147.94251667,2328.00,,,,,,
61,2016-01-09T01:50:40Z,-33.35491667,147.94180000,2346.00,,,,,,
62,2016-01-09T01:50:50Z,-33.35595000,147.94346667,2380.00,,,,,,
63,2016-01-09T01:51:00Z,-33.35580000,147.94311667,2402.00,,,,,,
64,2016-01-09T01:51:10Z,-33.35765000,147.94366667,2417.00,,,,,,
65,2016-01-09T01:51:20Z,-33.35745000,147.94550000,2428.00,,,,,,
66,2016-01-09T01:51:30Z,-33.35758333,147.94740000,2457.00,,,,,,
67,2016-01-09T01:51:40Z,-33.35875000,147.94720000,2488.00,,,,,,
68,2016-01-09T01:51:50Z,-33.35810000,147.94760000,2503.00,,,,,,
69,2016-01-09T01:52:00Z,-33.35903333,147.94921667,2531.00,,,,,,
70,2016-01-09T01:52:10Z,-33.35956667,147.94856667,2551.00,,,,,,
71,2016-01-09T01:52:20Z,-33.36008333,147.95015000,2578.00,,,,,,
72,2016-01-09T01:52:30Z,-33.36098333,147.94958333,2599.00,,,,,,
73,2016-01-09T01:52:40Z,-33.36030000,147.94996667,2615.00,,,,,,
74,2016-01-09T01:52:50Z,-33.36161667,147.95080000,2630.00,,,,,,
75,2016-01-09T01:53:00Z,-33.36138333,147.94996667,2635.00,,,,,,
76,2016-01-09T01:53:10Z,-33.36073333,147.95108333,2645.00,,,,,,
77,2016-01-09T01:53:20Z,-33.36201667,147.95253333,2653.00,,,,,,
78,2016-01-09T01:53:30Z,-33.36300000,147.95188333,2655.00,,,,,,
79,2016-01-09T01:53:40Z,-33.36245000,147.95323333,2655.00,,,,,,
80,2016-01-09T01:53:50Z,-33.36158333,147.95373333,2663.00,,,,,,
81,2016-01-09T01:54:00Z,-33.36170000,147.95568333,2681.00,,,,,,
82,2016-01-09T01:54:10Z,-33.36265000,147.95525000,2692.00,,,,,,
83,2016-01-09T01:54:20Z,-33.36176667,147.95580000,2710.00,,,,,,
84,2016-01-09T01:54:30Z,-33.36273333,147.95733333,2734.00,,,,,,
85,2016-01-09T01:54:40Z,-33.36305000,147.95651667,2735.00,,,,,,
86,2016-01-09T01:54:50Z,-33.36218333,147.95760000,2751.00,,,,,,
87,2016-01-09T01:55:00Z,-33.36293333,147.95931667,2759.00,,,,,,
88,2016-01-09T01:55:11Z,-33.36413333,147.95838333,2760.00,,,,,,
89,2016-01-09T01:55:21Z,-33.36323333,147.95843333,2772.00,,,,,,
90,2016-01-09T01:55:31Z,-33.36438333,147.95966667,2785.00,,,,,,
91,2016-01-09T01:55:41Z,-33.36395000,147.95880000,2790.00,,,,,,
92,2016-01-09T01:55:51Z,-33.36356667,147.95765000,2779.00,,,,,,
93,2016-01-09T01:56:01Z,-33.36305000,147.95681667,2770.00,,,,,,
94,2016-01-09T01:56:11Z,-33.36273333,147.95570000,2752.00,,,,,,
95,2016-01-09T01:56:21Z,-33.36243333,147.95453333,2734.00,,,,,,
96,2016-01-09T01:56:31Z,-33.36286667,147.95326667,2720.00,,,,,,
97,2016-01-09T01:56:41Z,-33.36266667,147.95215000,2702.00,,,,,,
98,2016-01-09T01:56:51Z,-33.36241667,147.95091667,2683.00,,,,,,
99,2016-01-09T01:57:01Z,-33.36235000,147.94960000,2661.00,,,,,,
100,2016-01-09T01:57:11Z,-33.36273333,147.94808333,2636.00,,,,,,
101,2016-01-09T01:57:21Z,-33.36318333,147.94651667,2605.00,,,,,,
102,2016-01-09T01:57:31Z,-33.36381667,147.94503333,2610.00,,,,,,
103,2016-01-09T01:57:41Z,-33.36401667,147.94358333,2603.00,,,,,,
104,2016-01-09T01:57:51Z,-33.36400000,147.94220000,2588.00,,,,,,
105,2016-01-09T01:58:01Z,-33.36390000,147.94070000,2577.00,,,,,,
106,2016-01-09T01:58:11Z,-33.36406667,147.93940000,2577.00,,,,,,
107,2016-01-09T01:58:21Z,-33.36455000,147.93828333,2570.00,,,,,,
108,2016-01-09T01:58:31Z,-33.36486667,147.93718333,2564.00,,,,,,
109,2016-01-09T01:58:41Z,-33.36560000,147.93620000,2538.00,,,,,,
110,2016-01-09T01:58:51Z,-33.36598333,147.93516667,2515.00,,,,,,
111,2016-01-09T01:59:01Z,-33.36618333,147.93426667,2474.00,,,,,,
112,2016-01-09T01:59:11Z,-33.36678333,147.93328333,2437.00,,,,,,
113,2016-01-09T01:59:21Z,-33.36775000,147.93241667,2408.00,,,,,,
114,2016-01-09T01:59:31Z,-33.36830000,147.93126667,2377.00,,,,,,
115,2016-01-09T01:59:41Z,-33.36888333,147.93013333,2341.00,,,,,,
116,2016-01-09T01:59:51Z,-33.36975000,147.92913333,2304.00,,,,,,
117,2016-01-09T02:00:01Z,-33.37063333,147.92808333,2256.00,,,,,,
118,2016-01-09T02:00:11Z,-33.37126667,147.92690000,2221.00,,,,,,
119,2016-01-09T02:00:21Z,-33.37201667,147.92563333,2196.00,,,,,,
120,2016-01-09T02:00:31Z,-33.37281667,147.92441667,2163.00,,,,,,
121,2016-01-09T02:00:41Z,-33.37405000,147.92335000,2124.00,,,,,,
122,2016-01-09T02:00:51Z,-33.37486667,147.92205000,2102.00,,,,,,
123,2016-01-09T02:01:01Z,-33.37488333,147.92076667,2090.00,,,,,,
124,2016-01-09T02:01:12Z,-33.37428333,147.91976667,2079.00,,,,,,
125,2016-01-09T02:01:22Z,-33.37325000,147.91898333,2067.00,,,,,,
126,2016-01-09T02:01:32Z,-33.37230000,147.91821667,2062.00,,,,,,
127,2016-01-09T02:01:42Z,-33.37125000,147.91778333,2052.00,,,,,,
128,2016-01-09T02:01:52Z,-33.37001667,147.91741667,2045.00,,,,,,
129,2016-01-09T02:02:02Z,-33.36883333,147.91690000,2039.00,,,,,,
130,2016-01-09T02:02:12Z,-33.36776667,147.91655000,2035.00,,,,,,
131,2016-01-09T02:02:22Z,-33.36655000,147.91610000,2027.00,,,,,,
132,2016-01-09T02:02:32Z,-33.36721667,147.91585000,2047.00,,,,,,
133,2016-01-09T02:02:42Z,-33.36635000,147.91705000,2055.00,,,,,,
134,2016-01-09T02:02:52Z,-33.36598333,147.91633333,2083.00,,,,,,
135,2016-01-09T02:03:02Z,-33.36640000,147.91773333,2112.00,,,,,,
136,2016-01-09T02:03:12Z,-33.36638333,147.91753333,2148.00,,,,,,
137,2016-01-09T02:03:22Z,-33.36598333,147.91886667,2178.00,,,,,,
138,2016-01-09T02:03:32Z,-33.36676667,147.91956667,2216.00,,,,,,
139,2016-01-09T02:03:42Z,-33.36586667,147.92015000,2240.00,,,,,,
140,2016-01-09T02:03:52Z,-33.36665000,147.92128333,2272.00,,,,,,
141,2016-01-09T02:04:02Z,-33.36593333,147.92148333,2287.00,,,,,,
142,2016-01-09T02:04:12Z,-33.36630000,147.92296667,2314.00,,,,,,
143,2016-01-09T02:04:22Z,-33.36618333,147.92260000,2344.00,,,,,,
144,2016-01-09T02:04:32Z,-33.36603333,147.92425000,2372.00,,,,,,
145,2016-01-09T02:04:42Z,-33.36655000,147.92443333,2397.00,,,,,,
146,2016-01-09T02:04:52Z,-33.36571667,147.92546667,2419.00,,,,,,
147,2016-01-09T02:05:02Z,-33.36645000,147.92586667,2440.00,,,,,,
148,2016-01-09T02:05:12Z,-33.36563333,147.92731667,2449.00,,,,,,
149,2016-01-09T02:05:22Z,-33.36446667,147.92668333,2459.00,,,,,,
150,2016-01-09T02:05:32Z,-33.36370000,147.92590000,2459.00,,,,,,
151,2016-01-09T02:05:42Z,-33.36346667,147.92496667,2472.00,,,,,,
152,2016-01-09T02:05:52Z,-33.36260000,147.92430000,2503.00,,,,,,
153,2016-01-09T02:06:02Z,-33.36276667,147.92356667,2520.00,,,,,,
154,2016-01-09T02:06:12Z,-33.36335000,147.92288333,2549.00,,,,,,
155,2016-01-09T02:06:22Z,-33.36403333,147.92445000,2571.00,,,,,,
156,2016-01-09T02:06:32Z,-33.36300000,147.92480000,2594.00,,,,,,
157,2016-01-09T02:06:42Z,-33.36368333,147.92615000,2605.00,,,,,,
158,2016-01-09T02:06:52Z,-33.36276667,147.92651667,2616.00,,,,,,
159,2016-01-09T02:07:02Z,-33.36370000,147.92606667,2617.00,,,,,,
160,2016-01-09T02:07:12Z,-33.36438333,147.92528333,2627.00,,,,,,
161,2016-01-09T02:07:22Z,-33.36530000,147.92453333,2636.00,,,,,,
162,2016-01-09T02:07:32Z,-33.36628333,147.92365000,2638.00,,,,,,
163,2016-01-09T02:07:42Z,-33.36718333,147.92288333,2650.00,,,,,,
164,2016-01-09T02:07:52Z,-33.36856667,147.92253333,2664.00,,,,,,
165,2016-01-09T02:08:02Z,-33.36891667,147.92160000,2691.00,,,,,,
166,2016-01-09T02:08:12Z,-33.36788333,147.92138333,2703.00,,,,,,
167,2016-01-09T02:08:22Z,-33.36771667,147.92345000,2726.00,,,,,,
168,2016-01-09T02:08:32Z,-33.36843333,147.92383333,2763.00,,,,,,
169,2016-01-09T02:08:42Z,-33.36876667,147.92515000,2789.00,,,,,,
170,2016-01-09T02:08:52Z,-33.36836667,147.92588333,2817.00,,,,,,
171,2016-01-09T02:09:02Z,-33.36851667,147.92591667,2838.00,,,,,,
172,2016-01-09T02:09:12Z,-33.36930000,147.92735000,2852.00,,,,,,
173,2016-01-09T02:09:22Z,-33.36851667,147.92746667,2879.00,,,,,,
174,2016-01-09T02:09:32Z,-33.36921667,147.92783333,2895.00,,,,,,
175,2016-01-09T02:09:42Z,-33.36926667,147.92910000,2915.00,,,,,,
176,2016-01-09T02:09:52Z,-33.36868333,147.92921667,2938.00,,,,,,
177,2016-01-09T02:10:02Z,-33.36935000,147.92983333,2945.00,,,,,,
178,2016-01-09T02:10:12Z,-33.37010000,147.92926667,2950.00,,,,,,
179,2016-01-09T02:10:22Z,-33.37151667,147.92881667,2957.00,,,,,,
180,2016-01-09T02:10:32Z,-33.37250000,147.93045000,2972.00,,,,,,
181,2016-01-09T02:10:42Z,-33.37150000,147.93136667,2984.00,,,,,,
182,2016-01-09T02:10:52Z,-33.37195000,147.93058333,2992.00,,,,,,
183,2016-01-09T02:11:02Z,-33.37240000,147.93223333,3000.00,,,,,,
184,2016-01-09T02:11:12Z,-33.37136667,147.93231667,3003.00,,,,,,
185,2016-01-09T02:11:22Z,-33.37133333,147.93151667,2988.00,,,,,,
186,2016-01-09T02:11:32Z,-33.37255000,147.93081667,2999.00,,,,,,
187,2016-01-09T02:11:42Z,-33.37358333,147.92991667,3017.00,,,,,,
188,2016-01-09T02:11:52Z,-33.37498333,147.93043333,3025.00,,,,,,
189,2016-01-09T02:12:02Z,-33.37455000,147.93178333,3039.00,,,,,,
190,2016-01-09T02:12:12Z,-33.37470000,147.93083333,3046.00,,,,,,
191,2016-01-09T02:12:22Z,-33.37586667,147.93191667,3053.00,,,,,,
192,2016-01-09T02:12:32Z,-33.37508333,147.93306667,3072.00,,,,,,
193,2016-01-09T02:12:42Z,-33.37538333,147.93216667,3066.00,,,,,,
194,2016-01-09T02:12:52Z,-33.37603333,147.93383333,3075.00,,,,,,
195,2016-01-09T02:13:02Z,-33.37556667,147.93353333,3072.00,,,,,,
196,2016-01-09T02:13:12Z,-33.37615000,147.93476667,3064.00,,,,,,
197,2016-01-09T02:13:22Z,-33.37490000,147.93468333,3066.00,,,,,,
198,2016-01-09T02:13:33Z,-33.37365000,147.93461667,3050.00,,,,,,
199,2016-01-09T02:13:43Z,-33.37221667,147.93436667,3046.00,,,,,,
200,2016-01-09T02:13:53Z,-33.37116667,147.93343333,3031.00,,,,,,
201,2016-01-09T02:14:03Z,-33.36986667,147.93258333,3038.00,,,,,,
202,2016-01-09T02:14:13Z,-33.36888333,147.93326667,3054.00,,,,,,
203,2016-01-09T02:14:23Z,-33.37010000,147.93400000,3061.00,,,,,,
204,2016-01-09T02:14:33Z,-33.36943333,147.93366667,3079.00,,,,,,
205,2016-01-09T02:14:43Z,-33.37016667,147.93538333,3075.00,,,,,,
206,2016-01-09T02:14:53Z,-33.37100000,147.93446667,3085.00,,,,,,
207,2016-01-09T02:15:03Z,-33.37118333,147.93301667,3082.00,,,,,,
208,2016-01-09T02:15:13Z,-33.37163333,147.93148333,3086.00,,,,,,
209,2016-01-09T02:15:23Z,-33.37096667,147.93103333,3093.00,,,,,,
210,2016-01-09T02:15:33Z,-33.37160000,147.93221667,3089.00,,,,,,
211,2016-01-09T02:15:43Z,-33.37230000,147.93110000,3096.00,,,,,,
212,2016-01-09T02:15:53Z,-33.37158333,147.93176667,3100.00,,,,,,
213,2016-01-09T02:16:03Z,-33.37251667,147.93151667,3100.00,,,,,,
214,2016-01-09T02:16:13Z,-33.37145000,147.93125000,3106.00,,,,,,
215,2016-01-09T02:16:23Z,-33.37215000,147.93250000,3105.00,,,,,,
216,2016-01-09T02:16:33Z,-33.37338333,147.93193333,3114.00,,,,,,
217,2016-01-09T02:16:43Z,-33.37278333,147.93195000,3119.00,,,,,,
218,2016-01-09T02:16:53Z,-33.37385000,147.93276667,3125.00,,,,,,
219,2016-01-09T02:17:03Z,-33.37381667,147.93176667,3136.00,,,,,,
220,2016-01-09T02:17:13Z,-33.37380000,147.93326667,3136.00,,,,,,
221,2016-01-09T02:17:23Z,-33.37541667,147.93335000,3149.00,,,,,,
222,2016-01-09T02:17:33Z,-33.37506667,147.93270000,3131.00,,,,,,
223,2016-01-09T02:17:43Z,-33.37493333,147.93443333,3140.00,,,,,,
224,2016-01-09T02:17:53Z,-33.37576667,147.93396667,3132.00,,,,,,
225,2016-01-09T02:18:03Z,-33.37478333,147.93396667,3135.00,,,,,,
226,2016-01-09T02:18:13Z,-33.37561667,147.93523333,3138.00,,,,,,
227,2016-01-09T02:18:23Z,-33.37513333,147.93485000,3135.00,,,,,,
228,2016-01-09T02:18:33Z,-33.37495000,147.93678333,3129.00,,,,,,
229,2016-01-09T02:18:43Z,-33.37625000,147.93723333,3130.00,,,,,,
230,2016-01-09T02:18:53Z,-33.37606667,147.93616667,3132.00,,,,,,
231,2016-01-09T02:19:03Z,-33.37548333,147.93750000,3128.00,,,,,,
232,2016-01-09T02:19:13Z,-33.37631667,147.93728333,3125.00,,,,,,
233,2016-01-09T02:19:23Z,-33.37590000,147.93838333,3120.00,,,,,,
234,2016-01-09T02:19:33Z,-33.37696667,147.93810000,3121.00,,,,,,
235,2016-01-09T02:19:43Z,-33.37588333,147.93861667,3113.00,,,,,,
236,2016-01-09T02:19:53Z,-33.37690000,147.93976667,3112.00,,,,,,
237,2016-01-09T02:20:03Z,-33.37686667,147.93870000,3107.00,,,,,,
238,2016-01-09T02:20:13Z,-33.37641667,147.93755000,3091.00,,,,,,
239,2016-01-09T02:20:23Z,-33.37638333,147.93615000,3077.00,,,,,,
240,2016-01-09T02:20:33Z,-33.37626667,147.93483333,3060.00,,,,,,
241,2016-01-09T02:20:43Z,-33.37630000,147.93338333,3054.00,,,,,,
242,2016-01-09T02:20:53Z,-33.37515000,147.93378333,3044.00,,,,,,
243,2016-01-09T02:21:03Z,-33.37451667,147.93548333,3022.00,,,,,,
244,2016-01-09T02:21:13Z,-33.37360000,147.93476667,3006.00,,,,,,
245,2016-01-09T02:21:23Z,-33.37351667,147.93326667,2979.00,,,,,,
246,2016-01-09T02:21:33Z,-33.37306667,147.93216667,2950.00,,,,,,
247,2016-01-09T02:21:43Z,-33.37268333,147.93105000,2922.00,,,,,,
248,2016-01-09T02:21:53Z,-33.37225000,147.92953333,2904.00,,,,,,
249,2016-01-09T02:22:03Z,-33.37143333,147.92818333,2902.00,,,,,,
250,2016-01-09T02:22:13Z,-33.37066667,147.92696667,2890.00,,,,,,
251,2016-01-09T02:22:24Z,-33.37011667,147.92563333,2868.00,,,,,,
252,2016-01-09T02:22:34Z,-33.36965000,147.92420000,2853.00,,,,,,
253,2016-01-09T02:22:44Z,-33.36921667,147.92276667,2832.00,,,,,,
254,2016-01-09T02:22:54Z,-33.36866667,147.92140000,2805.00,,,,,,
255,2016-01-09T02:23:04Z,-33.36828333,147.91980000,2780.00,,,,,,
256,2016-01-09T02:23:14Z,-33.36793333,147.91826667,2763.00,,,,,,
257,2016-01-09T02:23:24Z,-33.36696667,147.91703333,2740.00,,,,,,
258,2016-01-09T02:23:34Z,-33.36625000,147.91573333,2718.00,,,,,,
259,2016-01-09T02:23:44Z,-33.36575000,147.91453333,2705.00,,,,,,
260,2016-01-09T02:23:54Z,-33.36546667,147.91315000,2667.00,,,,,,
261,2016-01-09T02:24:04Z,-33.36516667,147.91165000,2639.00,,,,,,
262,2016-01-09T02:24:14Z,-33.36518333,147.91001667,2603.00,,,,,,
263,2016-01-09T02:24:24Z,-33.36485000,147.90838333,2551.00,,,,,,
264,2016-01-09T02:24:34Z,-33.36435000,147.90680000,2534.00,,,,,,
265,2016-01-09T02:24:44Z,-33.36435000,147.90516667,2538.00,,,,,,
266,2016-01-09T02:24:54Z,-33.36400000,147.90348333,2565.00,,,,,,
267,2016-01-09T02:25:04Z,-33.36521667,147.90368333,2607.00,,,,,,
268,2016-01-09T02:25:14Z,-33.36525000,147.90351667,2645.00,,,,,,
269,2016-01-09T02:25:24Z,-33.36526667,147.90445000,2685.00,,,,,,
270,2016-01-09T02:25:34Z,-33.36626667,147.90490000,2726.00,,,,,,
271,2016-01-09T02:25:44Z,-33.36611667,147.90460000,2766.00,,,,,,
272,2016-01-09T02:25:54Z,-33.36678333,147.90603333,2805.00,,,,,,
273,2016-01-09T02:26:04Z,-33.36716667,147.90563333,2834.00,,,,,,
274,2016-01-09T02:26:14Z,-33.36726667,147.90715000,2864.00,,,,,,
275,2016-01-09T02:26:24Z,-33.36786667,147.90663333,2888.00,,,,,,
276,2016-01-09T02:26:34Z,-33.36775000,147.90808333,2910.00,,,,,,
277,2016-01-09T02:26:44Z,-33.36840000,147.90773333,2939.00,,,,,,
278,2016-01-09T02:26:54Z,-33.36811667,147.90890000,2953.00,,,,,,
279,2016-01-09T02:27:04Z,-33.36931667,147.90946667,2973.00,,,,,,
280,2016-01-09T02:27:14Z,-33.36863333,147.91006667,2983.00,,,,,,
281,2016-01-09T02:27:24Z,-33.36986667,147.91031667,2992.00,,,,,,
282,2016-01-09T02:27:34Z,-33.36935000,147.91190000,3004.00,,,,,,
283,2016-01-09T02:27:44Z,-33.37021667,147.91181667,3018.00,,,,,,
284,2016-01-09T02:27:54Z,-33.37101667,147.91406667,3027.00,,,,,,
285,2016-01-09T02:28:04Z,-33.37068333,147.91600000,3046.00,,,,,,
286,2016-01-09T02:28:14Z,-33.37056667,147.91535000,3053.00,,,,,,
287,2016-01-09T02:28:24Z,-33.37230000,147.91628333,3052.00,,,,,,
288,2016-01-09T02:28:34Z,-33.37305000,147.91863333,3073.00,,,,,,
289,2016-01-09T02:28:44Z,-33.37368333,147.92128333,3062.00,,,,,,
290,2016-01-09T02:28:54Z,-33.37346667,147.92366667,3038.00,,,,,,
291,2016-01-09T02:29:04Z,-33.37213333,147.92343333,2988.00,,,,,,
292,2016-01-09T02:29:14Z,-33.37198333,147.92218333,2956.00,,,,,,
293,2016-01-09T02:29:24Z,-33.37343333,147.92176667,2930.00,,,,,,
294,2016-01-09T02:29:34Z,-33.37415000,147.92390000,2908.00,,,,,,
295,2016-01-09T02:29:44Z,-33.37510000,147.92585000,2870.00,,,,,,
296,2016-01-09T02:29:54Z,-33.37565000,147.92821667,2816.00,,,,,,
297,2016-01-09T02:30:01Z,-33.37613333,147.93005000,2792.00,,,,,,
298,2016-01-09T02:30:02Z,-33.37621667,147.93030000,2792.00,,,,,,
299,2016-01-09T02:30:12Z,-33.37715000,147.93253333,2780.00,,,,,,
300,2016-01-09T02:30:22Z,-33.37793333,147.93508333,2756.00,,,,,,
301,2016-01-09T02:30:32Z,-33.37911667,147.93741667,2752.00,,,,,,
302,2016-01-09T02:30:42Z,-33.38078333,147.93896667,2743.00,,,,,,
303,2016-01-09T02:30:52Z,-33.38208333,147.94086667,2718.00,,,,,,
304,2016-01-09T02:31:02Z,-33.38305000,147.94333333,2700.00,,,,,,
305,2016-01-09T02:31:13Z,-33.38385000,147.94600000,2676.00,,,,,,
306,2016-01-09T02:31:23Z,-33.38491667,147.94848333,2659.00,,,,,,
307,2016-01-09T02:31:33Z,-33.38595000,147.95093333,2637.00,,,,,,
308,2016-01-09T02:31:43Z,-33.38685000,147.95351667,2617.00,,,,,,
309,2016-01-09T02:31:53Z,-33.38790000,147.95605000,2596.00,,,,,,
310,2016-01-09T02:32:03Z,-33.38883333,147.95850000,2581.00,,,,,,
311,2016-01-09T02:32:13Z,-33.38985000,147.96086667,2563.00,,,,,,
312,2016-01-09T02:32:23Z,-33.39088333,147.96333333,2527.00,,,,,,
313,2016-01-09T02:32:33Z,-33.39228333,147.96556667,2490.00,,,,,,
314,2016-01-09T02:32:43Z,-33.39368333,147.96785000,2459.00,,,,,,
315,2016-01-09T02:32:53Z,-33.39471667,147.97016667,2428.00,,,,,,
316,2016-01-09T02:33:03Z,-33.39563333,147.97258333,2397.00,,,,,,
317,2016-01-09T02:33:13Z,-33.39658333,147.97503333,2353.00,,,,,,
318,2016-01-09T02:33:23Z,-33.39780000,147.97761667,2331.00,,,,,,
319,2016-01-09T02:33:33Z,-33.39868333,147.98018333,2329.00,,,,,,
320,2016-01-09T02:33:43Z,-33.39996667,147.98233333,2330.00,,,,,,
321,2016-01-09T02:33:53Z,-33.40128333,147.98421667,2321.00,,,,,,
322,2016-01-09T02:34:03Z,-33.40193333,147.98681667,2301.00,,,,,,
323,2016-01-09T02:34:13Z,-33.40330000,147.98945000,2293.00,,,,,,
324,2016-01-09T02:34:23Z,-33.40475000,147.99190000,2277.00,,,,,,
325,2016-01-09T02:34:33Z,-33.40630000,147.99415000,2276.00,,,,,,
326,2016-01-09T02:34:43Z,-33.40788333,147.99626667,2288.00,,,,,,
327,2016-01-09T02:34:53Z,-33.40886667,147.99848333,2276.00,,,,,,
328,2016-01-09T02:35:03Z,-33.40968333,148.00056667,2272.00,,,,,,
329,2016-01-09T02:35:13Z,-33.41073333,148.00261667,2265.00,,,,,,
330,2016-01-09T02:35:23Z,-33.41170000,148.00470000,2255.00,,,,,,
331,2016-01-09T02:35:33Z,-33.41265000,148.00698333,2249.00,,,,,,
332,2016-01-09T02:35:43Z,-33.41351667,148.00940000,2264.00,,,,,,
333,2016-01-09T02:35:53Z,-33.41488333,148.00965000,2276.00,,,,,,
334,2016-01-09T02:36:03Z,-33.41398333,148.00986667,2284.00,,,,,,
335,2016-01-09T02:36:13Z,-33.41503333,148.01173333,2282.00,,,,,,
336,2016-01-09T02:36:23Z,-33.41566667,148.01415000,2259.00,,,,,,
337,2016-01-09T02:36:33Z,-33.41640000,148.01675000,2220.00,,,,,,
338,2016-01-09T02:36:43Z,-33.41768333,148.01893333,2181.00,,,,,,
339,2016-01-09T02:36:53Z,-33.41868333,148.02093333,2154.00,,,,,,
340,2016-01-09T02:37:03Z,-33.41988333,148.02310000,2121.00,,,,,,
341,2016-01-09T02:37:13Z,-33.42100000,148.02533333,2107.00,,,,,,
342,2016-01-09T02:37:23Z,-33.42190000,148.02748333,2112.00,,,,,,
343,2016-01-09T02:37:33Z,-33.42288333,148.02968333,2112.00,,,,,,
344,2016-01-09T02:37:43Z,-33.42426667,148.03161667,2116.00,,,,,,
345,2016-01-09T02:37:53Z,-33.42586667,148.03290000,2150.00,,,,,,
346,2016-01-09T02:38:03Z,-33.42555000,148.03231667,2149.00,,,,,,
347,2016-01-09T02:38:13Z,-33.42491667,148.03418333,2175.00,,,,,,
348,2016-01-09T02:38:23Z,-33.42428333,148.03380000,2197.00,,,,,,
349,2016-01-09T02:38:33Z,-33.42540000,148.03465000,2222.00,,,,,,
350,2016-01-09T02:38:43Z,-33.42475000,148.03490000,2245.00,,,,,,
351,2016-01-09T02:38:53Z,-33.42550000,148.03548333,2268.00,,,,,,
352,2016-01-09T02:39:03Z,-33.42508333,148.03518333,2293.00,,,,,,
353,2016-01-09T02:39:13Z,-33.42541667,148.03626667,2314.00,,,,,,
354,2016-01-09T02:39:23Z,-33.42595000,148.03588333,2333.00,,,,,,
355,2016-01-09T02:39:33Z,-33.42541667,148.03646667,2347.00,,,,,,
356,2016-01-09T02:39:44Z,-33.42628333,148.03606667,2375.00,,,,,,
357,2016-01-09T02:39:54Z,-33.42560000,148.03721667,2393.00,,,,,,
358,2016-01-09T02:40:04Z,-33.42613333,148.03690000,2418.00,,,,,,
359,2016-01-09T02:40:14Z,-33.42620000,148.03850000,2434.00,,,,,,
360,2016-01-09T02:40:24Z,-33.42501667,148.03828333,2437.00,,,,,,
361,2016-01-09T02:40:34Z,-33.42610000,148.03823333,2457.00,,,,,,
362,2016-01-09T02:40:44Z,-33.42551667,148.03915000,2472.00,,,,,,
363,2016-01-09T02:40:54Z,-33.42636667,148.03895000,2483.00,,,,,,
364,2016-01-09T02:41:04Z,-33.42605000,148.04078333,2485.00,,,,,,
365,2016-01-09T02:41:14Z,-33.42510000,148.04000000,2500.00,,,,,,
366,2016-01-09T02:41:24Z,-33.42606667,148.03966667,2510.00,,,,,,
367,2016-01-09T02:41:34Z,-33.42666667,148.04183333,2503.00,,,,,,
368,2016-01-09T02:41:44Z,-33.42808333,148.04340000,2502.00,,,,,,
369,2016-01-09T02:41:54Z,-33.42993333,148.04465000,2468.00,,,,,,
370,2016-01-09T02:42:04Z,-33.43165000,148.04626667,2438.00,,,,,,
371,2016-01-09T02:42:14Z,-33.43348333,148.04763333,2411.00,,,,,,
372,2016-01-09T02:42:24Z,-33.43531667,148.04885000,2384.00,,,,,,
373,2016-01-09T02:42:34Z,-33.43731667,148.05000000,2353.00,,,,,,
374,2016-01-09T02:42:44Z,-33.43948333,148.05125000,2342.00,,,,,,
375,2016-01-09T02:42:54Z,-33.44168333,148.05258333,2347.00,,,,,,
376,2016-01-09T02:43:04Z,-33.44370000,148.05388333,2354.00,,,,,,
377,2016-01-09T02:43:14Z,-33.44578333,148.05506667,2332.00,,,,,,
378,2016-01-09T02:43:24Z,-33.44733333,148.05711667,2325.00,,,,,,
379,2016-01-09T02:43:34Z,-33.44793333,148.05925000,2350.00,,,,,,
380,2016-01-09T02:43:44Z,-33.44698333,148.05951667,2394.00,,,,,,
381,2016-01-09T02:43:54Z,-33.44808333,148.06021667,2428.00,,,,,,
382,2016-01-09T02:44:04Z,-33.44768333,148.05986667,2456.00,,,,,,
383,2016-01-09T02:44:14Z,-33.44801667,148.06076667,2488.00,,,,,,
384,2016-01-09T02:44:24Z,-33.44870000,148.06011667,2510.00,,,,,,
385,2016-01-09T02:44:34Z,-33.44825000,148.06091667,2548.00,,,,,,
386,2016-01-09T02:44:44Z,-33.44908333,148.06090000,2570.00,,,,,,
387,2016-01-09T02:44:54Z,-33.44848333,148.06070000,2599.00,,,,,,
388,2016-01-09T02:45:04Z,-33.44951667,148.06133333,2610.00,,,,,,
389,2016-01-09T02:45:14Z,-33.44886667,148.06053333,2625.00,,,,,,
390,2016-01-09T02:45:24Z,-33.45026667,148.06110000,2626.00,,,,,,
391,2016-01-09T02:45:34Z,-33.45000000,148.06250000,2650.00,,,,,,
392,2016-01-09T02:45:44Z,-33.45073333,148.06178333,2672.00,,,,,,
393,2016-01-09T02:45:54Z,-33.45050000,148.06271667,2695.00,,,,,,
394,2016-01-09T02:46:04Z,-33.45146667,148.06220000,2719.00,,,,,,
395,2016-01-09T02:46:14Z,-33.45120000,148.06316667,2741.00,,,,,,
396,2016-01-09T02:46:24Z,-33.45155000,148.06218333,2756.00,,,,,,
397,2016-01-09T02:46:34Z,-33.45241667,148.06318333,2779.00,,,,,,
398,2016-01-09T02:46:44Z,-33.45200000,148.06241667,2797.00,,,,,,
399,2016-01-09T02:46:54Z,-33.45318333,148.06265000,2805.00,,,,,,
400,2016-01-09T02:47:04Z,-33.45276667,148.06436667,2818.00,,,,,,
401,2016-01-09T02:47:14Z,-33.45246667,148.06608333,2838.00,,,,,,
402,2016-01-09T02:47:24Z,-33.45215000,148.06775000,2855.00,,,,,,
403,2016-01-09T02:47:34Z,-33.45165000,148.06938333,2865.00,,,,,,
404,2016-01-09T02:47:44Z,-33.45178333,148.07138333,2884.00,,,,,,
405,2016-01-09T02:47:54Z,-33.45105000,148.07295000,2907.00,,,,,,
406,2016-01-09T02:48:04Z,-33.45098333,148.07191667,2914.00,,,,,,
407,2016-01-09T02:48:14Z,-33.45231667,148.07300000,2927.00,,,,,,
408,2016-01-09T02:48:24Z,-33.45220000,148.07521667,2952.00,,,,,,
409,2016-01-09T02:48:34Z,-33.45188333,148.07690000,2976.00,,,,,,
410,2016-01-09T02:48:44Z,-33.45146667,148.07608333,2999.00,,,,,,
411,2016-01-09T02:48:54Z,-33.45211667,148.07745000,3015.00,,,,,,
412,2016-01-09T02:49:04Z,-33.45121667,148.07718333,3037.00,,,,,,
413,2016-01-09T02:49:14Z,-33.45226667,148.07761667,3058.00,,,,,,
414,2016-01-09T02:49:24Z,-33.45185000,148.07938333,3070.00,,,,,,
415,2016-01-09T02:49:35Z,-33.45080000,148.07945000,3085.00,,,,,,
416,2016-01-09T02:49:45Z,-33.45193333,148.07941667,3088.00,,,,,,
417,2016-01-09T02:49:55Z,-33.45270000,148.08113333,3104.00,,,,,,
418,2016-01-09T02:50:05Z,-33.45290000,148.08335000,3094.00,,,,,,
419,2016-01-09T02:50:15Z,-33.45360000,148.08585000,3091.00,,,,,,
420,2016-01-09T02:50:25Z,-33.45436667,148.08851667,3079.00,,,,,,
421,2016-01-09T02:50:35Z,-33.45528333,148.09085000,3089.00,,,,,,
422,2016-01-09T02:50:45Z,-33.45596667,148.09336667,3077.00,,,,,,
423,2016-01-09T02:50:55Z,-33.45700000,148.09615000,3022.00,,,,,,
424,2016-01-09T02:51:05Z,-33.45835000,148.09858333,3022.00,,,,,,
425,2016-01-09T02:51:15Z,-33.45971667,148.10108333,2998.00,,,,,,
426,2016-01-09T02:51:25Z,-33.46126667,148.10328333,2979.00,,,,,,
427,2016-01-09T02:51:35Z,-33.46283333,148.10550000,2940.00,,,,,,
428,2016-01-09T02:51:45Z,-33.46471667,148.10796667,2903.00,,,,,,
429,2016-01-09T02:51:55Z,-33.46655000,148.11021667,2870.00,,,,,,
430,2016-01-09T02:52:05Z,-33.46801667,148.11265000,2848.00,,,,,,
431,2016-01-09T02:52:15Z,-33.46918333,148.11478333,2815.00,,,,,,
432,2016-01-09T02:52:25Z,-33.47070000,148.11748333,2786.00,,,,,,
433,2016-01-09T02:52:35Z,-33.47175000,148.12026667,2809.00,,,,,,
434,2016-01-09T02:52:45Z,-33.47283333,148.12060000,2822.00,,,,,,
435,2016-01-09T02:52:55Z,-33.47185000,148.12113333,2851.00,,,,,,
436,2016-01-09T02:53:05Z,-33.47300000,148.12116667,2873.00,,,,,,
437,2016-01-09T02:53:15Z,-33.47248333,148.12173333,2897.00,,,,,,
438,2016-01-09T02:53:25Z,-33.47356667,148.12138333,2917.00,,,,,,
439,2016-01-09T02:53:35Z,-33.47273333,148.12208333,2946.00,,,,,,
440,2016-01-09T02:53:45Z,-33.47350000,148.12191667,2969.00,,,,,,
441,2016-01-09T02:53:55Z,-33.47333333,148.12310000,2984.00,,,,,,
442,2016-01-09T02:54:05Z,-33.47340000,148.12245000,3013.00,,,,,,
443,2016-01-09T02:54:15Z,-33.47373333,148.12403333,3029.00,,,,,,
444,2016-01-09T02:54:25Z,-33.47425000,148.12331667,3050.00,,,,,,
445,2016-01-09T02:54:35Z,-33.47375000,148.12453333,3072.00,,,,,,
446,2016-01-09T02:54:45Z,-33.47483333,148.12475000,3082.00,,,,,,
447,2016-01-09T02:54:55Z,-33.47393333,148.12551667,3095.00,,,,,,
448,2016-01-09T02:55:05Z,-33.47446667,148.12763333,3104.00,,,,,,
449,2016-01-09T02:55:15Z,-33.47545000,148.12976667,3088.00,,,,,,
450,2016-01-09T02:55:25Z,-33.47576667,148.13216667,3078.00,,,,,,
451,2016-01-09T02:55:35Z,-33.47691667,148.13470000,3051.00,,,,,,
452,2016-01-09T02:55:45Z,-33.47810000,148.13776667,3018.00,,,,,,
453,2016-01-09T02:55:55Z,-33.47891667,148.14055000,2993.00,,,,,,
454,2016-01-09T02:56:05Z,-33.48003333,148.14301667,2966.00,,,,,,
455,2016-01-09T02:56:15Z,-33.48111667,148.14561667,2935.00,,,,,,
456,2016-01-09T02:56:25Z,-33.48183333,148.14821667,2917.00,,,,,,
457,2016-01-09T02:56:35Z,-33.48268333,148.15078333,2903.00,,,,,,
458,2016-01-09T02:56:45Z,-33.48371667,148.15335000,2881.00,,,,,,
459,2016-01-09T02:56:55Z,-33.48468333,148.15601667,2869.00,,,,,,
460,2016-01-09T02:57:05Z,-33.48563333,148.15866667,2838.00,,,,,,
461,2016-01-09T02:57:15Z,-33.48690000,148.16126667,2815.00,,,,,,
462,2016-01-09T02:57:25Z,-33.48768333,148.16386667,2791.00,,,,,,
463,2016-01-09T02:57:35Z,-33.48821667,148.16668333,2761.00,,,,,,
464,2016-01-09T02:57:45Z,-33.48908333,148.16941667,2725.00,,,,,,
465,2016-01-09T02:57:55Z,-33.49003333,148.17206667,2677.00,,,,,,
466,2016-01-09T02:58:05Z,-33.49088333,148.17476667,2654.00,,,,,,
467,2016-01-09T02:58:15Z,-33.49190000,148.17736667,2623.00,,,,,,
468,2016-01-09T02:58:25Z,-33.49330000,148.17993333,2592.00,,,,,,
469,2016-01-09T02:58:35Z,-33.49483333,148.18253333,2558.00,,,,,,
470,2016-01-09T02:58:45Z,-33.49625000,148.18520000,2524.00,,,,,,
471,2016-01-09T02:58:55Z,-33.49715000,148.18813333,2508.00,,,,,,
472,2016-01-09T02:59:05Z,-33.49800000,148.19083333,2521.00,,,,,,
473,2016-01-09T02:59:15Z,-33.49898333,148.19261667,2548.00,,,,,,
474,2016-01-09T02:59:25Z,-33.49838333,148.19208333,2528.00,,,,,,
475,2016-01-09T02:59:35Z,-33.49705000,148.19360000,2545.00,,,,,,
476,2016-01-09T02:59:45Z,-33.49750000,148.19295000,2556.00,,,,,,
477,2016-01-09T02:59:55Z,-33.49856667,148.19506667,2565.00,,,,,,
478,2016-01-09T03:00:05Z,-33.49925000,148.19758333,2553.00,,,,,,
479,2016-01-09T03:00:15Z,-33.50006667,148.19991667,2540.00,,,,,,
480,2016-01-09T03:00:25Z,-33.50093333,148.20256667,2510.00,,,,,,
481,2016-01-09T03:00:36Z,-33.50180000,148.20513333,2481.00,,,,,,
482,2016-01-09T03:00:46Z,-33.50298333,148.20780000,2439.00,,,,,,
483,2016-01-09T03:00:56Z,-33.50426667,148.21045000,2408.00,,,,,,
484,2016-01-09T03:01:06Z,-33.50535000,148.21306667,2384.00,,,,,,
485,2016-01-09T03:01:16Z,-33.50626667,148.21576667,2361.00,,,,,,
486,2016-01-09T03:01:26Z,-33.50740000,148.21846667,2324.00,,,,,,
487,2016-01-09T03:01:36Z,-33.50851667,148.22100000,2290.00,,,,,,
488,2016-01-09T03:01:46Z,-33.50960000,148.22368333,2250.00,,,,,,
489,2016-01-09T03:01:56Z,-33.51046667,148.22645000,2218.00,,,,,,
490,2016-01-09T03:02:06Z,-33.51136667,148.22911667,2179.00,,,,,,
491,2016-01-09T03:02:16Z,-33.51261667,148.23163333,2149.00,,,,,,
492,2016-01-09T03:02:26Z,-33.51366667,148.23421667,2122.00,,,,,,
493,2016-01-09T03:02:36Z,-33.51461667,148.23683333,2096.00,,,,,,
494,2016-01-09T03:02:46Z,-33.51583333,148.23948333,2069.00,,,,,,
495,2016-01-09T03:02:56Z,-33.51660000,148.24230000,2042.00,,,,,,
496,2016-01-09T03:03:06Z,-33.51758333,148.24501667,2021.00,,,,,,
497,2016-01-09T03:03:16Z,-33.51860000,148.24758333,1990.00,,,,,,
498,2016-01-09T03:03:26Z,-33.51978333,148.24993333,1969.00,,,,,,
499,2016-01-09T03:03:36Z,-33.52103333,148.25213333,1935.00,,,,,,
500,2016-01-09T03:03:46Z,-33.52215000,148.25453333,1899.00,,,,,,
501,2016-01-09T03:03:56Z,-33.52326667,148.25665000,1871.00,,,,,,
502,2016-01-09T03:04:06Z,-33.52460000,148.25875000,1842.00,,,,,,
503,2016-01-09T03:04:16Z,-33.52565000,148.26111667,1803.00,,,,,,
504,2016-01-09T03:04:26Z,-33.52678333,148.26373333,1767.00,,,,,,
505,2016-01-09T03:04:36Z,-33.52808333,148.26595000,1720.00,,,,,,
506,2016-01-09T03:04:46Z,-33.52931667,148.26838333,1672.00,,,,,,
507,2016-01-09T03:04:56Z,-33.53060000,148.27081667,1622.00,,,,,,
508,2016-01-09T03:05:06Z,-33.53186667,148.27308333,1580.00,,,,,,
509,2016-01-09T03:05:16Z,-33.53326667,148.27516667,1538.00,,,,,,
510,2016-01-09T03:05:26Z,-33.53475000,148.27713333,1495.00,,,,,,
511,2016-01-09T03:05:36Z,-33.53621667,148.27926667,1450.00,,,,,,
512,2016-01-09T03:05:46Z,-33.53750000,148.28148333,1405.00,,,,,,
513,2016-01-09T03:05:56Z,-33.53866667,148.28375000,1350.00,,,,,,
514,2016-01-09T03:06:06Z,-33.53978333,148.28606667,1295.00,,,,,,
515,2016-01-09T03:06:16Z,-33.54078333,148.28835000,1244.00,,,,,,
516,2016-01-09T03:06:26Z,-33.54170000,148.29078333,1202.00,,,,,,
517,2016-01-09T03:06:36Z,-33.54258333,148.29328333,1154.00,,,,,,
518,2016-01-09T03:06:46Z,-33.54366667,148.29581667,1101.00,,,,,,
519,2016-01-09T03:06:56Z,-33.54468333,148.29811667,1061.00,,,,,,
520,2016-01-09T03:07:06Z,-33.54576667,148.30066667,1041.00,,,,,,
521,2016-01-09T03:07:16Z,-33.54675000,148.30325000,1015.00,,,,,,
522,2016-01-09T03:07:26Z,-33.54756667,148.30561667,984.00,,,,,,
523,2016-01-09T03:07:36Z,-33.54851667,148.30788333,952.00,,,,,,
524,2016-01-09T03:07:46Z,-33.54953333,148.31030000,930.00,,,,,,
525,2016-01-09T03:07:56Z,-33.55055000,148.31265000,897.00,,,,,,
526,2016-01-09T03:08:07Z,-33.55135000,148.31498333,882.00,,,,,,
527,2016-01-09T03:08:17Z,-33.55220000,148.31736667,880.00,,,,,,
528,2016-01-09T03:08:27Z,-33.55331667,148.31975000,880.00,,,,,,
529,2016-01-09T03:08:37Z,-33.55446667,148.32218333,864.00,,,,,,
530,2016-01-09T03:08:47Z,-33.55570000,148.32451667,838.00,,,,,,
531,2016-01-09T03:08:57Z,-33.55675000,148.32685000,804.00,,,,,,
532,2016-01-09T03:09:07Z,-33.55758333,148.32926667,775.00,,,,,,
533,2016-01-09T03:09:08Z,-33.55766667,148.32951667,770.00,,,,,,
534,2016-01-09T03:09:09Z,-33.55776667,148.32975000,768.00,,,,,,
535,2016-01-09T03:09:19Z,-33.55818333,148.33221667,734.00,,,,,,
536,2016-01-09T03:09:29Z,-33.55693333,148.33365000,700.00,,,,,,
537,2016-01-09T03:09:39Z,-33.55531667,148.33328333,657.00,,,,,,
538,2016-01-09T03:09:49Z,-33.55388333,148.33288333,628.00,,,,,,
539,2016-01-09T03:09:59Z,-33.55251667,148.33231667,598.00,,,,,,
540,2016-01-09T03:10:09Z,-33.55093333,148.33210000,567.00,,,,,,
541,2016-01-09T03:10:19Z,-33.54931667,148.33161667,560.00,,,,,,
542,2016-01-09T03:10:29Z,-33.54793333,148.33095000,569.00,,,,,,
543,2016-01-09T03:10:39Z,-33.54866667,148.33110000,584.00,,,,,,
544,2016-01-09T03:10:49Z,-33.54790000,148.33185000,601.00,,,,,,
545,2016-01-09T03:10:59Z,-33.54891667,148.33210000,609.00,,,,,,
546,2016-01-09T03:11:09Z,-33.54823333,148.33375000,627.00,,,,,,
547,2016-01-09T03:11:19Z,-33.54875000,148.33361667,644.00,,,,,,
548,2016-01-09T03:11:29Z,-33.54833333,148.33490000,660.00,,,,,,
549,2016-01-09T03:11:39Z,-33.54890000,148.33508333,680.00,,,,,,
550,2016-01-09T03:11:49Z,-33.54835000,148.33500000,692.00,,,,,,
551,2016-01-09T03:11:59Z,-33.54858333,148.33628333,699.00,,,,,,
552,2016-01-09T03:12:10Z,-33.54841667,148.33568333,707.00,,,,,,
553,2016-01-09T03:12:20Z,-33.54818333,148.33730000,714.00,,,,,,
554,2016-01-09T03:12:30Z,-33.54821667,148.33680000,727.00,,,,,,
555,2016-01-09T03:12:40Z,-33.54775000,148.33793333,729.00,,,,,,
556,2016-01-09T03:12:50Z,-33.54851667,148.33756667,737.00,,,,,,
557,2016-01-09T03:13:00Z,-33.54978333,148.33826667,741.00,,,,,,
558,2016-01-09T03:13:10Z,-33.54966667,148.34016667,744.00,,,,,,
559,2016-01-09T03:13:20Z,-33.54988333,148.33981667,753.00,,,,,,
560,2016-01-09T03:13:30Z,-33.54968333,148.34101667,763.00,,,,,,
561,2016-01-09T03:13:40Z,-33.55020000,148.34070000,774.00,,,,,,
562,2016-01-09T03:13:50Z,-33.54940000,148.34146667,789.00,,,,,,
563,2016-01-09T03:14:00Z,-33.54966667,148.34078333,797.00,,,,,,
564,2016-01-09T03:14:10Z,-33.55013333,148.34240000,800.00,,,,,,
565,2016-01-09T03:14:20Z,-33.54931667,148.34373333,823.00,,,,,,
566,2016-01-09T03:14:30Z,-33.54951667,148.34388333,820.00,,,,,,
567,2016-01-09T03:14:40Z,-33.54833333,148.34466667,830.00,,,,,,
568,2016-01-09T03:14:50Z,-33.54915000,148.34481667,847.00,,,,,,
569,2016-01-09T03:15:00Z,-33.54836667,148.34488333,862.00,,,,,,
570,2016-01-09T03:15:10Z,-33.54853333,148.34583333,879.00,,,,,,
571,2016-01-09T03:15:20Z,-33.54871667,148.34580000,898.00,,,,,,
572,2016-01-09T03:15:30Z,-33.54836667,148.34570000,917.00,,,,,,
573,2016-01-09T03:15:40Z,-33.54798333,148.34623333,938.00,,,,,,
574,2016-01-09T03:15:50Z,-33.54825000,148.34676667,956.00,,,,,,
575,2016-01-09T03:16:00Z,-33.54851667,148.34641667,974.00,,,,,,
576,2016-01-09T03:16:10Z,-33.54796667,148.34661667,993.00,,,,,,
577,2016-01-09T03:16:20Z,-33.54830000,148.34765000,1013.00,,,,,,
578,2016-01-09T03:16:30Z,-33.54846667,148.34721667,1028.00,,,,,,
579,2016-01-09T03:16:40Z,-33.54795000,148.34805000,1039.00,,,,,,
580,2016-01-09T03:16:50Z,-33.54868333,148.34836667,1047.00,,,,,,
581,2016-01-09T03:17:00Z,-33.54811667,148.34788333,1074.00,,,,,,
582,2016-01-09T03:17:10Z,-33.54828333,148.34915000,1088.00,,,,,,
583,2016-01-09T03:17:20Z,-33.54783333,148.34883333,1102.00,,,,,,
584,2016-01-09T03:17:30Z,-33.54760000,148.35011667,1124.00,,,,,,
585,2016-01-09T03:17:40Z,-33.54828333,148.34983333,1139.00,,,,,,
586,2016-01-09T03:17:50Z,-33.54780000,148.35080000,1153.00,,,,,,
587,2016-01-09T03:18:00Z,-33.54868333,148.35070000,1171.00,,,,,,
588,2016-01-09T03:18:10Z,-33.54823333,148.35170000,1183.00,,,,,,
589,2016-01-09T03:18:20Z,-33.54905000,148.35175000,1207.00,,,,,,
590,2016-01-09T03:18:30Z,-33.54835000,148.35218333,1226.00,,,,,,
591,2016-01-09T03:18:40Z,-33.54911667,148.35270000,1238.00,,,,,,
592,2016-01-09T03:18:50Z,-33.54883333,148.35286667,1249.00,,,,,,
593,2016-01-09T03:19:00Z,-33.54910000,148.35421667,1268.00,,,,,,
594,2016-01-09T03:19:10Z,-33.54956667,148.35400000,1279.00,,,,,,
595,2016-01-09T03:19:20Z,-33.54905000,148.35471667,1302.00,,,,,,
596,2016-01-09T03:19:30Z,-33.54986667,148.35520000,1320.00,,,,,,
597,2016-01-09T03:19:40Z,-33.54916667,148.35551667,1347.00,,,,,,
598,2016-01-09T03:19:50Z,-33.54970000,148.35653333,1380.00,,,,,,
599,2016-01-09T03:20:00Z,-33.54986667,148.35656667,1407.00,,,,,,
600,2016-01-09T03:20:10Z,-33.54966667,148.35708333,1434.00,,,,,,
601,2016-01-09T03:20:20Z,-33.54981667,148.35785000,1466.00,,,,,,
602,2016-01-09T03:20:30Z,-33.55038333,148.35845000,1496.00,,,,,,
603,2016-01-09T03:20:40Z,-33.55058333,148.35826667,1528.00,,,,,,
604,2016-01-09T03:20:50Z,-33.55013333,148.35898333,1561.00,,,,,,
605,2016-01-09T03:21:00Z,-33.55088333,148.35910000,1593.00,,,,,,
606,2016-01-09T03:21:10Z,-33.55043333,148.35923333,1637.00,,,,,,
607,2016-01-09T03:21:20Z,-33.55071667,148.36031667,1675.00,,,,,,
608,2016-01-09T03:21:30Z,-33.55136667,148.36058333,1711.00,,,,,,
609,2016-01-09T03:21:40Z,-33.55176667,148.36088333,1748.00,,,,,,
610,2016-01-09T03:21:50Z,-33.55156667,148.36121667,1781.00,,,,,,
611,2016-01-09T03:22:00Z,-33.55191667,148.36211667,1814.00,,,,,,
612,2016-01-09T03:22:10Z,-33.55248333,148.36191667,1850.00,,,,,,
613,2016-01-09T03:22:20Z,-33.55206667,148.36261667,1891.00,,,,,,
614,2016-01-09T03:22:30Z,-33.55271667,148.36346667,1927.00,,,,,,
615,2016-01-09T03:22:40Z,-33.55291667,148.36325000,1963.00,,,,,,
616,2016-01-09T03:22:50Z,-33.55258333,148.36385000,2010.00,,,,,,
617,2016-01-09T03:23:00Z,-33.55330000,148.36456667,2043.00,,,,,,
618,2016-01-09T03:23:10Z,-33.55323333,148.36418333,2086.00,,,,,,
619,2016-01-09T03:23:20Z,-33.55343333,148.36535000,2122.00,,,,,,
620,2016-01-09T03:23:30Z,-33.55388333,148.36475000,2162.00,,,,,,
621,2016-01-09T03:23:40Z,-33.55385000,148.36585000,2200.00,,,,,,
622,2016-01-09T03:23:50Z,-33.55456667,148.36558333,2239.00,,,,,,
623,2016-01-09T03:24:00Z,-33.55393333,148.36585000,2284.00,,,,,,
624,2016-01-09T03:24:10Z,-33.55485000,148.36633333,2325.00,,,,,,
625,2016-01-09T03:24:20Z,-33.55463333,148.36580000,2370.00,,,,,,
626,2016-01-09T03:24:30Z,-33.55518333,148.36685000,2411.00,,,,,,
627,2016-01-09T03:24:40Z,-33.55585000,148.36638333,2451.00,,,,,,
628,2016-01-09T03:24:50Z,-33.55536667,148.36706667,2501.00,,,,,,
629,2016-01-09T03:25:00Z,-33.55625000,148.36690000,2532.00,,,,,,
630,2016-01-09T03:25:10Z,-33.55570000,148.36728333,2578.00,,,,,,
631,2016-01-09T03:25:20Z,-33.55641667,148.36818333,2612.00,,,,,,
632,2016-01-09T03:25:30Z,-33.55658333,148.36771667,2647.00,,,,,,
633,2016-01-09T03:25:40Z,-33.55666667,148.36893333,2685.00,,,,,,
634,2016-01-09T03:25:50Z,-33.55721667,148.36835000,2717.00,,,,,,
635,2016-01-09T03:26:00Z,-33.55695000,148.36955000,2752.00,,,,,,
636,2016-01-09T03:26:10Z,-33.55715000,148.36886667,2781.00,,,,,,
637,2016-01-09T03:26:20Z,-33.55780000,148.37033333,2809.00,,,,,,
638,2016-01-09T03:26:30Z,-33.55695000,148.37080000,2832.00,,,,,,
639,2016-01-09T03:26:40Z,-33.55795000,148.37041667,2853.00,,,,,,
640,2016-01-09T03:26:50Z,-33.55745000,148.37111667,2875.00,,,,,,
641,2016-01-09T03:27:00Z,-33.55845000,148.37103333,2899.00,,,,,,
642,2016-01-09T03:27:10Z,-33.55786667,148.37143333,2917.00,,,,,,
643,2016-01-09T03:27:20Z,-33.55888333,148.37140000,2930.00,,,,,,
644,2016-01-09T03:27:30Z,-33.55825000,148.37256667,2943.00,,,,,,
645,2016-01-09T03:27:40Z,-33.55715000,148.37261667,2959.00,,,,,,
646,2016-01-09T03:27:50Z,-33.55623333,148.37180000,2959.00,,,,,,
647,2016-01-09T03:28:00Z,-33.55513333,148.37081667,2956.00,,,,,,
648,2016-01-09T03:28:10Z,-33.55413333,148.36971667,2956.00,,,,,,
649,2016-01-09T03:28:20Z,-33.55263333,148.36905000,2914.00,,,,,,
650,2016-01-09T03:28:30Z,-33.55118333,148.36798333,2883.00,,,,,,
651,2016-01-09T03:28:40Z,-33.54983333,148.36668333,2847.00,,,,,,
652,2016-01-09T03:28:50Z,-33.54850000,148.36551667,2828.00,,,,,,
653,2016-01-09T03:29:00Z,-33.54691667,148.36473333,2817.00,,,,,,
654,2016-01-09T03:29:10Z,-33.54561667,148.36376667,2802.00,,,,,,
655,2016-01-09T03:29:20Z,-33.54443333,148.36233333,2769.00,,,,,,
656,2016-01-09T03:29:30Z,-33.54326667,148.36093333,2742.00,,,,,,
657,2016-01-09T03:29:40Z,-33.54191667,148.35961667,2700.00,,,,,,
658,2016-01-09T03:29:50Z,-33.54055000,148.35841667,2663.00,,,,,,
659,2016-01-09T03:30:00Z,-33.53931667,148.35718333,2626.00,,,,,,
660,2016-01-09T03:30:10Z,-33.53811667,148.35606667,2586.00,,,,,,
661,2016-01-09T03:30:20Z,-33.53655000,148.35493333,2557.00,,,,,,
662,2016-01-09T03:30:30Z,-33.53516667,148.35381667,2531.00,,,,,,
663,2016-01-09T03:30:40Z,-33.53390000,148.35256667,2505.00,,,,,,
664,2016-01-09T03:30:50Z,-33.53293333,148.35111667,2481.00,,,,,,
665,2016-01-09T03:31:00Z,-33.53188333,148.34976667,2456.00,,,,,,
666,2016-01-09T03:31:10Z,-33.53051667,148.34873333,2419.00,,,,,,
667,2016-01-09T03:31:20Z,-33.52930000,148.34745000,2398.00,,,,,,
668,2016-01-09T03:31:30Z,-33.52850000,148.34613333,2374.00,,,,,,
669,2016-01-09T03:31:40Z,-33.52760000,148.34480000,2352.00,,,,,,
670,2016-01-09T03:31:50Z,-33.52693333,148.34338333,2335.00,,,,,,
671,2016-01-09T03:32:00Z,-33.52608333,148.34211667,2320.00,,,,,,
672,2016-01-09T03:32:10Z,-33.52501667,148.34101667,2301.00,,,,,,
673,2016-01-09T03:32:20Z,-33.52356667,148.33986667,2270.00,,,,,,
674,2016-01-09T03:32:30Z,-33.52211667,148.33885000,2246.00,,,,,,
675,2016-01-09T03:32:40Z,-33.52110000,148.33763333,2214.00,,,,,,
676,2016-01-09T03:32:50Z,-33.52021667,148.33625000,2183.00,,,,,,
677,2016-01-09T03:33:00Z,-33.51883333,148.33506667,2159.00,,,,,,
678,2016-01-09T03:33:10Z,-33.51758333,148.33393333,2140.00,,,,,,
679,2016-01-09T03:33:20Z,-33.51630000,148.33283333,2119.00,,,,,,
680,2016-01-09T03:33:31Z,-33.51518333,148.33156667,2092.00,,,,,,
681,2016-01-09T03:33:41Z,-33.51403333,148.33033333,2053.00,,,,,,
682,2016-01-09T03:33:51Z,-33.51255000,148.32946667,2022.00,,,,,,
683,2016-01-09T03:34:01Z,-33.51121667,148.32853333,2004.00,,,,,,
684,2016-01-09T03:34:11Z,-33.50995000,148.32743333,1985.00,,,,,,
685,2016-01-09T03:34:21Z,-33.50866667,148.32608333,1975.00,,,,,,
686,2016-01-09T03:34:31Z,-33.50713333,148.32503333,1965.00,,,,,,
687,2016-01-09T03:34:41Z,-33.50596667,148.32370000,1975.00,,,,,,
688,2016-01-09T03:34:51Z,-33.50505000,148.32241667,1977.00,,,,,,
689,2016-01-09T03:35:01Z,-33.50430000,148.32103333,1988.00,,,,,,
690,2016-01-09T03:35:11Z,-33.50476667,148.32025000,2009.00,,,,,,
691,2016-01-09T03:35:21Z,-33.50508333,148.32223333,2014.00,,,,,,
692,2016-01-09T03:35:31Z,-33.50386667,148.32271667,2034.00,,,,,,
693,2016-01-09T03:35:41Z,-33.50486667,148.32276667,2038.00,,,,,,
694,2016-01-09T03:35:51Z,-33.50516667,148.32491667,2052.00,,,,,,
695,2016-01-09T03:36:01Z,-33.50446667,148.32460000,2055.00,,,,,,
696,2016-01-09T03:36:11Z,-33.50576667,148.32560000,2059.00,,,,,,
697,2016-01-09T03:36:21Z,-33.50481667,148.32723333,2068.00,,,,,,
698,2016-01-09T03:36:31Z,-33.50378333,148.32660000,2061.00,,,,,,
699,2016-01-09T03:36:41Z,-33.50321667,148.32518333,2059.00,,,,,,
700,2016-01-09T03:36:51Z,-33.50253333,148.32378333,2035.00,,,,,,
701,2016-01-09T03:37:01Z,-33.50158333,148.32246667,2033.00,,,,,,
702,2016-01-09T03:37:11Z,-33.50080000,148.32111667,2018.00,,,,,,
703,2016-01-09T03:37:21Z,-33.49975000,148.31963333,2010.00,,,,,,
704,2016-01-09T03:37:31Z,-33.49841667,148.31843333,2003.00,,,,,,
705,2016-01-09T03:37:41Z,-33.49718333,148.31720000,2001.00,,,,,,
706,2016-01-09T03:37:51Z,-33.49610000,148.31610000,1983.00,,,,,,
707,2016-01-09T03:38:01Z,-33.49498333,148.31488333,1954.00,,,,,,
708,2016-01-09T03:38:11Z,-33.49383333,148.31361667,1922.00,,,,,,
709,2016-01-09T03:38:21Z,-33.49291667,148.31245000,1925.00,,,,,,
710,2016-01-09T03:38:31Z,-33.49198333,148.31136667,1902.00,,,,,,
711,2016-01-09T03:38:41Z,-33.49110000,148.31005000,1895.00,,,,,,
712,2016-01-09T03:38:51Z,-33.49016667,148.30893333,1878.00,,,,,,
713,2016-01-09T03:39:01Z,-33.48933333,148.30751667,1855.00,,,,,,
714,2016-01-09T03:39:11Z,-33.48856667,148.30620000,1818.00,,,,,,
715,2016-01-09T03:39:21Z,-33.48756667,148.30525000,1799.00,,,,,,
716,2016-01-09T03:39:31Z,-33.48691667,148.30388333,1751.00,,,,,,
717,2016-01-09T03:39:41Z,-33.48613333,148.30240000,1698.00,,,,,,
718,2016-01-09T03:39:51Z,-33.48531667,148.30080000,1654.00,,,,,,
719,2016-01-09T03:40:01Z,-33.48450000,148.29925000,1608.00,,,,,,
720,2016-01-09T03:40:11Z,-33.48346667,148.29760000,1558.00,,,,,,
721,2016-01-09T03:40:21Z,-33.48228333,148.29630000,1519.00,,,,,,
722,2016-01-09T03:40:31Z,-33.48118333,148.29505000,1496.00,,,,,,
723,2016-01-09T03:40:41Z,-33.48021667,148.29385000,1465.00,,,,,,
724,2016-01-09T03:40:51Z,-33.47913333,148.29261667,1441.00,,,,,,
725,2016-01-09T03:41:01Z,-33.47826667,148.29120000,1421.00,,,,,,
726,2016-01-09T03:41:11Z,-33.47768333,148.28965000,1394.00,,,,,,
727,2016-01-09T03:41:21Z,-33.47761667,148.28783333,1364.00,,,,,,
728,2016-01-09T03:41:31Z,-33.47686667,148.28648333,1337.00,,,,,,
729,2016-01-09T03:41:41Z,-33.47583333,148.28540000,1315.00,,,,,,
730,2016-01-09T03:41:51Z,-33.47493333,148.28415000,1287.00,,,,,,
731,2016-01-09T03:42:01Z,-33.47410000,148.28270000,1267.00,,,,,,
732,2016-01-09T03:42:11Z,-33.47308333,148.28148333,1223.00,,,,,,
733,2016-01-09T03:42:21Z,-33.47203333,148.28030000,1194.00,,,,,,
734,2016-01-09T03:42:31Z,-33.47130000,148.27895000,1154.00,,,,,,
735,2016-01-09T03:42:41Z,-33.47051667,148.27755000,1114.00,,,,,,
736,2016-01-09T03:42:51Z,-33.46968333,148.27628333,1067.00,,,,,,
737,2016-01-09T03:43:01Z,-33.46900000,148.27490000,1017.00,,,,,,
738,2016-01-09T03:43:11Z,-33.46840000,148.27338333,970.00,,,,,,
739,2016-01-09T03:43:21Z,-33.46778333,148.27190000,940.00,,,,,,
740,2016-01-09T03:43:32Z,-33.46703333,148.27061667,908.00,,,,,,
741,2016-01-09T03:43:42Z,-33.46621667,148.26943333,892.00,,,,,,
742,2016-01-09T03:43:52Z,-33.46608333,148.26798333,872.00,,,,,,
743,2016-01-09T03:44:02Z,-33.46566667,148.26646667,848.00,,,,,,
744,2016-01-09T03:44:12Z,-33.46501667,148.26523333,841.00,,,,,,
745,2016-01-09T03:44:22Z,-33.46455000,148.26401667,851.00,,,,,,
746,2016-01-09T03:44:32Z,-33.46398333,148.26296667,861.00,,,,,,
747,2016-01-09T03:44:42Z,-33.46491667,148.26270000,885.00,,,,,,
748,2016-01-09T03:44:52Z,-33.46436667,148.26301667,904.00,,,,,,
749,2016-01-09T03:45:02Z,-33.46436667,148.26421667,921.00,,,,,,
750,2016-01-09T03:45:12Z,-33.46496667,148.26481667,939.00,,,,,,
751,2016-01-09T03:45:22Z,-33.46458333,148.26531667,961.00,,,,,,
752,2016-01-09T03:45:32Z,-33.46483333,148.26625000,984.00,,,,,,
753,2016-01-09T03:45:42Z,-33.46528333,148.26645000,1005.00,,,,,,
754,2016-01-09T03:45:52Z,-33.46498333,148.26653333,1031.00,,,,,,
755,2016-01-09T03:46:02Z,-33.46488333,148.26771667,1048.00,,,,,,
756,2016-01-09T03:46:12Z,-33.46585000,148.26788333,1059.00,,,,,,
757,2016-01-09T03:46:22Z,-33.46558333,148.26896667,1084.00,,,,,,
758,2016-01-09T03:46:32Z,-33.46645000,148.26958333,1098.00,,,,,,
759,2016-01-09T03:46:42Z,-33.46600000,148.26985000,1120.00,,,,,,
760,2016-01-09T03:46:52Z,-33.46640000,148.27116667,1141.00,,,,,,
761,2016-01-09T03:47:02Z,-33.46650000,148.27083333,1157.00,,,,,,
762,2016-01-09T03:47:12Z,-33.46661667,148.27186667,1180.00,,,,,,
763,2016-01-09T03:47:22Z,-33.46746667,148.27190000,1196.00,,,,,,
764,2016-01-09T03:47:32Z,-33.46723333,148.27310000,1219.00,,,,,,
765,2016-01-09T03:47:42Z,-33.46833333,148.27325000,1234.00,,,,,,
766,2016-01-09T03:47:52Z,-33.46811667,148.27466667,1256.00,,,,,,
767,2016-01-09T03:48:02Z,-33.46903333,148.27443333,1268.00,,,,,,
768,2016-01-09T03:48:12Z,-33.46903333,148.27613333,1283.00,,,,,,
769,2016-01-09T03:48:22Z,-33.46968333,148.27581667,1303.00,,,,,,
770,2016-01-09T03:48:32Z,-33.46940000,148.27683333,1321.00,,,,,,
771,2016-01-09T03:48:42Z,-33.47036667,148.27736667,1332.00,,,,,,
772,2016-01-09T03:48:52Z,-33.46958333,148.27800000,1347.00,,,,,,
773,2016-01-09T03:49:02Z,-33.47075000,148.27810000,1354.00,,,,,,
774,2016-01-09T03:49:12Z,-33.47045000,148.27991667,1367.00,,,,,,
775,2016-01-09T03:49:22Z,-33.47015000,148.28123333,1388.00,,,,,,
776,2016-01-09T03:49:32Z,-33.47073333,148.28111667,1408.00,,,,,,
777,2016-01-09T03:49:42Z,-33.47131667,148.28286667,1430.00,,,,,,
778,2016-01-09T03:49:52Z,-33.47196667,148.28243333,1443.00,,,,,,
779,2016-01-09T03:50:02Z,-33.47221667,148.28388333,1468.00,,,,,,
780,2016-01-09T03:50:12Z,-33.47211667,148.28396667,1486.00,,,,,,
781,2016-01-09T03:50:22Z,-33.47296667,148.28510000,1507.00,,,,,,
782,2016-01-09T03:50:32Z,-33.47251667,148.28581667,1534.00,,,,,,
783,2016-01-09T03:50:42Z,-33.47320000,148.28586667,1546.00,,,,,,
784,2016-01-09T03:50:52Z,-33.47313333,148.28738333,1559.00,,,,,,
785,2016-01-09T03:51:02Z,-33.47336667,148.28703333,1579.00,,,,,,
786,2016-01-09T03:51:12Z,-33.47395000,148.28871667,1583.00,,,,,,
787,2016-01-09T03:51:22Z,-33.47425000,148.28825000,1601.00,,,,,,
788,2016-01-09T03:51:32Z,-33.47353333,148.28866667,1613.00,,,,,,
789,2016-01-09T03:51:42Z,-33.47468333,148.28841667,1627.00,,,,,,
790,2016-01-09T03:51:52Z,-33.47461667,148.28960000,1643.00,,,,,,
791,2016-01-09T03:52:02Z,-33.47553333,148.28976667,1665.00,,,,,,
792,2016-01-09T03:52:12Z,-33.47526667,148.28998333,1686.00,,,,,,
793,2016-01-09T03:52:22Z,-33.47600000,148.29108333,1702.00,,,,,,
794,2016-01-09T03:52:32Z,-33.47610000,148.29075000,1717.00,,,,,,
795,2016-01-09T03:52:42Z,-33.47683333,148.29215000,1731.00,,,,,,
796,2016-01-09T03:52:52Z,-33.47658333,148.29193333,1743.00,,,,,,
797,2016-01-09T03:53:02Z,-33.47795000,148.29250000,1751.00,,,,,,
798,2016-01-09T03:53:12Z,-33.47755000,148.29416667,1756.00,,,,,,
799,2016-01-09T03:53:22Z,-33.47660000,148.29448333,1764.00,,,,,,
800,2016-01-09T03:53:32Z,-33.47581667,148.29385000,1749.00,,,,,,
801,2016-01-09T03:53:42Z,-33.47520000,148.29293333,1703.00,,,,,,
802,2016-01-09T03:53:52Z,-33.47485000,148.29190000,1652.00,,,,,,
803,2016-01-09T03:54:02Z,-33.47461667,148.29036667,1595.00,,,,,,
804,2016-01-09T03:54:12Z,-33.47363333,148.28925000,1544.00,,,,,,
805,2016-01-09T03:54:22Z,-33.47256667,148.28810000,1498.00,,,,,,
806,2016-01-09T03:54:32Z,-33.47163333,148.28683333,1455.00,,,,,,
807,2016-01-09T03:54:42Z,-33.47060000,148.28545000,1420.00,,,,,,
808,2016-01-09T03:54:52Z,-33.46986667,148.28395000,1398.00,,,,,,
809,2016-01-09T03:55:02Z,-33.46916667,148.28235000,1372.00,,,,,,
810,2016-01-09T03:55:12Z,-33.46800000,148.28096667,1340.00,,,,,,
811,2016-01-09T03:55:22Z,-33.46681667,148.27983333,1314.00,,,,,,
812,2016-01-09T03:55:32Z,-33.46575000,148.27883333,1291.00,,,,,,
813,2016-01-09T03:55:42Z,-33.46491667,148.27765000,1272.00,,,,,,
814,2016-01-09T03:55:52Z,-33.46391667,148.27663333,1236.00,,,,,,
815,2016-01-09T03:56:02Z,-33.46280000,148.27570000,1206.00,,,,,,
816,2016-01-09T03:56:12Z,-33.46180000,148.27475000,1189.00,,,,,,
817,2016-01-09T03:56:23Z,-33.46100000,148.27358333,1184.00,,,,,,
818,2016-01-09T03:56:33Z,-33.45983333,148.27255000,1183.00,,,,,,
819,2016-01-09T03:56:43Z,-33.45863333,148.27165000,1172.00,,,,,,
820,2016-01-09T03:56:53Z,-33.45743333,148.27068333,1153.00,,,,,,
821,2016-01-09T03:57:03Z,-33.45628333,148.26983333,1124.00,,,,,,
822,2016-01-09T03:57:13Z,-33.45525000,148.26910000,1091.00,,,,,,
823,2016-01-09T03:57:23Z,-33.45418333,148.26801667,1050.00,,,,,,
824,2016-01-09T03:57:33Z,-33.45308333,148.26720000,1046.00,,,,,,
825,2016-01-09T03:57:43Z,-33.45201667,148.26626667,1017.00,,,,,,
826,2016-01-09T03:57:53Z,-33.45055000,148.26548333,1032.00,,,,,,
827,2016-01-09T03:58:03Z,-33.45101667,148.26528333,1051.00,,,,,,
828,2016-01-09T03:58:13Z,-33.44985000,148.26635000,1067.00,,,,,,
829,2016-01-09T03:58:23Z,-33.44868333,148.26656667,1059.00,,,,,,
830,2016-01-09T03:58:33Z,-33.44946667,148.26536667,1054.00,,,,,,
831,2016-01-09T03:58:43Z,-33.44881667,148.26401667,1040.00,,,,,,
832,2016-01-09T03:58:53Z,-33.44776667,148.26273333,1012.00,,,,,,
833,2016-01-09T03:59:03Z,-33.44701667,148.26111667,994.00,,,,,,
834,2016-01-09T03:59:13Z,-33.44581667,148.25991667,973.00,,,,,,
835,2016-01-09T03:59:23Z,-33.44445000,148.26053333,984.00,,,,,,
836,2016-01-09T03:59:33Z,-33.44516667,148.26171667,985.00,,,,,,
837,2016-01-09T03:59:43Z,-33.44491667,148.26065000,979.00,,,,,,
838,2016-01-09T03:59:53Z,-33.44365000,148.25995000,969.00,,,,,,
839,2016-01-09T04:00:03Z,-33.44235000,148.25926667,963.00,,,,,,
840,2016-01-09T04:00:13Z,-33.44128333,148.25828333,962.00,,,,,,
841,2016-01-09T04:00:23Z,-33.44050000,148.25721667,967.00,,,,,,
842,2016-01-09T04:00:33Z,-33.43988333,148.25616667,974.00,,,,,,
843,2016-01-09T04:00:43Z,-33.43915000,148.25505000,964.00,,,,,,
844,2016-01-09T04:00:53Z,-33.43835000,148.25403333,947.00,,,,,,
845,2016-01-09T04:01:03Z,-33.43730000,148.25295000,907.00,,,,,,
846,2016-01-09T04:01:13Z,-33.43570000,148.25270000,869.00,,,,,,
847,2016-01-09T04:01:23Z,-33.43418333,148.25246667,842.00,,,,,,
848,2016-01-09T04:01:33Z,-33.43268333,148.25193333,807.00,,,,,,
849,2016-01-09T04:01:43Z,-33.43145000,148.25103333,781.00,,,,,,
850,2016-01-09T04:01:53Z,-33.43028333,148.25011667,760.00,,,,,,
851,2016-01-09T04:02:03Z,-33.42900000,148.24895000,718.00,,,,,,
852,2016-01-09T04:02:13Z,-33.42770000,148.24763333,679.00,,,,,,
853,2016-01-09T04:02:23Z,-33.42636667,148.24645000,635.00,,,,,,
854,2016-01-09T04:02:33Z,-33.42501667,148.24535000,613.00,,,,,,
855,2016-01-09T04:02:43Z,-33.42396667,148.24411667,594.00,,,,,,
856,2016-01-09T04:02:53Z,-33.42293333,148.24301667,572.00,,,,,,
857,2016-01-09T04:03:03Z,-33.42171667,148.24183333,532.00,,,,,,
858,2016-01-09T04:03:13Z,-33.42090000,148.24056667,489.00,,,,,,
859,2016-01-09T04:03:23Z,-33.42018333,148.23883333,460.00,,,,,,
860,2016-01-09T04:03:33Z,-33.41951667,148.23721667,440.00,,,,,,
861,2016-01-09T04:03:43Z,-33.41881667,148.23565000,411.00,,,,,,
862,2016-01-09T04:03:53Z,-33.41805000,148.23426667,414.00,,,,,,
863,2016-01-09T04:04:03Z,-33.41721667,148.23500000,380.00,,,,,,
864,2016-01-09T04:04:13Z,-33.41818333,148.23448333,379.00,,,,,,
865,2016-01-09T04:04:23Z,-33.41846667,148.23310000,365.00,,,,,,
866,2016-01-09T04:04:33Z,-33.41793333,148.23166667,367.00,,,,,,
867,2016-01-09T04:04:43Z,-33.41696667,148.23025000,379.00,,,,,,
868,2016-01-09T04:04:53Z,-33.41645000,148.23105000,383.00,,,,,,
869,2016-01-09T04:05:03Z,-33.41650000,148.23035000,400.00,,,,,,
870,2016-01-09T04:05:13Z,-33.41651667,148.23130000,402.00,,,,,,
871,2016-01-09T04:05:23Z,-33.41600000,148.23115000,404.00,,,,,,
872,2016-01-09T04:05:33Z,-33.41636667,148.23146667,421.00,,,,,,
873,2016-01-09T04:05:43Z,-33.41608333,148.23196667,434.00,,,,,,
874,2016-01-09T04:05:53Z,-33.41565000,148.23213333,439.00,,,,,,
875,2016-01-09T04:06:03Z,-33.41536667,148.23208333,455.00,,,,,,
876,2016-01-09T04:06:13Z,-33.41600000,148.23258333,480.00,,,,,,
877,2016-01-09T04:06:23Z,-33.41516667,148.23290000,491.00,,,,,,
878,2016-01-09T04:06:33Z,-33.41541667,148.23291667,502.00,,,,,,
879,2016-01-09T04:06:43Z,-33.41496667,148.23408333,519.00,,,,,,
880,2016-01-09T04:06:53Z,-33.41441667,148.23375000,526.00,,,,,,
881,2016-01-09T04:07:03Z,-33.41463333,148.23456667,535.00,,,,,,
882,2016-01-09T04:07:13Z,-33.41400000,148.23363333,552.00,,,,,,
883,2016-01-09T04:07:23Z,-33.41420000,148.23478333,551.00,,,,,,
884,2016-01-09T04:07:33Z,-33.41346667,148.23410000,563.00,,,,,,
885,2016-01-09T04:07:43Z,-33.41350000,148.23546667,577.00,,,,,,
886,2016-01-09T04:07:54Z,-33.41290000,148.23516667,595.00,,,,,,
887,2016-01-09T04:08:04Z,-33.41248333,148.23578333,608.00,,,,,,
888,2016-01-09T04:08:14Z,-33.41280000,148.23635000,627.00,,,,,,
889,2016-01-09T04:08:24Z,-33.41263333,148.23601667,640.00,,,,,,
890,2016-01-09T04:08:34Z,-33.41245000,148.23703333,657.00,,,,,,
891,2016-01-09T04:08:44Z,-33.41261667,148.23671667,678.00,,,,,,
892,2016-01-09T04:08:54Z,-33.41220000,148.23656667,701.00,,,,,,
893,2016-01-09T04:09:04Z,-33.41193333,148.23761667,724.00,,,,,,
894,2016-01-09T04:09:14Z,-33.41205000,148.23818333,748.00,,,,,,
895,2016-01-09T04:09:24Z,-33.41193333,148.23815000,767.00,,,,,,
896,2016-01-09T04:09:34Z,-33.41133333,148.23825000,789.00,,,,,,
897,2016-01-09T04:09:44Z,-33.41115000,148.23916667,816.00,,,,,,
898,2016-01-09T04:09:54Z,-33.41130000,148.23890000,848.00,,,,,,
899,2016-01-09T04:10:04Z,-33.41053333,148.23955000,878.00,,,,,,
900,2016-01-09T04:10:14Z,-33.41078333,148.23995000,909.00,,,,,,
901,2016-01-09T04:10:24Z,-33.41006667,148.23968333,942.00,,,,,,
902,2016-01-09T04:10:34Z,-33.40991667,148.24053333,979.00,,,,,,
903,2016-01-09T04:10:44Z,-33.41013333,148.24041667,1003.00,,,,,,
904,2016-01-09T04:10:54Z,-33.40963333,148.24030000,1034.00,,,,,,
905,2016-01-09T04:11:04Z,-33.40943333,148.24115000,1066.00,,,,,,
906,2016-01-09T04:11:14Z,-33.40986667,148.24088333,1092.00,,,,,,
907,2016-01-09T04:11:24Z,-33.40930000,148.24200000,1111.00,,,,,,
908,2016-01-09T04:11:34Z,-33.40941667,148.24180000,1139.00,,,,,,
909,2016-01-09T04:11:44Z,-33.40880000,148.24190000,1168.00,,,,,,
910,2016-01-09T04:11:54Z,-33.40851667,148.24273333,1191.00,,,,,,
911,2016-01-09T04:12:04Z,-33.40873333,148.24220000,1222.00,,,,,,
912,2016-01-09T04:12:14Z,-33.40796667,148.24245000,1252.00,,,,,,
913,2016-01-09T04:12:24Z,-33.40826667,148.24286667,1278.00,,,,,,
914,2016-01-09T04:12:34Z,-33.40776667,148.24231667,1302.00,,,,,,
915,2016-01-09T04:12:44Z,-33.40760000,148.24336667,1330.00,,,,,,
916,2016-01-09T04:12:54Z,-33.40760000,148.24310000,1356.00,,,,,,
917,2016-01-09T04:13:04Z,-33.40673333,148.24313333,1393.00,,,,,,
918,2016-01-09T04:13:14Z,-33.40673333,148.24388333,1420.00,,,,,,
919,2016-01-09T04:13:24Z,-33.40668333,148.24335000,1439.00,,,,,,
920,2016-01-09T04:13:34Z,-33.40643333,148.24451667,1481.00,,,,,,
921,2016-01-09T04:13:44Z,-33.40678333,148.24406667,1504.00,,,,,,
922,2016-01-09T04:13:54Z,-33.40613333,148.24483333,1534.00,,,,,,
923,2016-01-09T04:14:04Z,-33.40681667,148.24513333,1561.00,,,,,,
924,2016-01-09T04:14:14Z,-33.40605000,148.24488333,1574.00,,,,,,
925,2016-01-09T04:14:24Z,-33.40635000,148.24553333,1608.00,,,,,,
926,2016-01-09T04:14:34Z,-33.40618333,148.24471667,1629.00,,,,,,
927,2016-01-09T04:14:44Z,-33.40580000,148.24500000,1652.00,,,,,,
928,2016-01-09T04:14:54Z,-33.40625000,148.24511667,1673.00,,,,,,
929,2016-01-09T04:15:04Z,-33.40536667,148.24480000,1694.00,,,,,,
930,2016-01-09T04:15:14Z,-33.40605000,148.24486667,1712.00,,,,,,
931,2016-01-09T04:15:24Z,-33.40543333,148.24468333,1735.00,,,,,,
932,2016-01-09T04:15:34Z,-33.40546667,148.24580000,1756.00,,,,,,
933,2016-01-09T04:15:44Z,-33.40438333,148.24555000,1776.00,,,,,,
934,2016-01-09T04:15:54Z,-33.40513333,148.24576667,1788.00,,,,,,
935,2016-01-09T04:16:04Z,-33.40446667,148.24731667,1813.00,,,,,,
936,2016-01-09T04:16:14Z,-33.40381667,148.24673333,1848.00,,,,,,
937,2016-01-09T04:16:24Z,-33.40373333,148.24818333,1879.00,,,,,,
938,2016-01-09T04:16:34Z,-33.40295000,148.24758333,1917.00,,,,,,
939,2016-01-09T04:16:44Z,-33.40280000,148.24873333,1948.00,,,,,,
940,2016-01-09T04:16:54Z,-33.40255000,148.24788333,1993.00,,,,,,
941,2016-01-09T04:17:04Z,-33.40248333,148.24900000,2028.00,,,,,,
942,2016-01-09T04:17:14Z,-33.40250000,148.24870000,2076.00,,,,,,
943,2016-01-09T04:17:24Z,-33.40173333,148.24891667,2124.00,,,,,,
944,2016-01-09T04:17:34Z,-33.40163333,148.24945000,2174.00,,,,,,
945,2016-01-09T04:17:44Z,-33.40168333,148.24971667,2222.00,,,,,,
946,2016-01-09T04:17:54Z,-33.40085000,148.24938333,2267.00,,,,,,
947,2016-01-09T04:18:04Z,-33.40053333,148.25055000,2317.00,,,,,,
948,2016-01-09T04:18:14Z,-33.40083333,148.25020000,2351.00,,,,,,
949,2016-01-09T04:18:24Z,-33.39993333,148.25100000,2399.00,,,,,,
950,2016-01-09T04:18:34Z,-33.40051667,148.25131667,2422.00,,,,,,
951,2016-01-09T04:18:44Z,-33.39958333,148.25208333,2450.00,,,,,,
952,2016-01-09T04:18:54Z,-33.40001667,148.25158333,2462.00,,,,,,
953,2016-01-09T04:19:04Z,-33.39985000,148.25331667,2484.00,,,,,,
954,2016-01-09T04:19:14Z,-33.39851667,148.25400000,2471.00,,,,,,
955,2016-01-09T04:19:24Z,-33.39740000,148.25333333,2462.00,,,,,,
956,2016-01-09T04:19:34Z,-33.39620000,148.25250000,2429.00,,,,,,
957,2016-01-09T04:19:44Z,-33.39521667,148.25126667,2406.00,,,,,,
958,2016-01-09T04:19:54Z,-33.39398333,148.25053333,2384.00,,,,,,
959,2016-01-09T04:20:04Z,-33.39245000,148.24983333,2378.00,,,,,,
960,2016-01-09T04:20:14Z,-33.39125000,148.24955000,2400.00,,,,,,
961,2016-01-09T04:20:24Z,-33.39001667,148.25095000,2408.00,,,,,,
962,2016-01-09T04:20:34Z,-33.38921667,148.25051667,2435.00,,,,,,
963,2016-01-09T04:20:44Z,-33.39036667,148.25118333,2442.00,,,,,,
964,2016-01-09T04:20:54Z,-33.39008333,148.25348333,2465.00,,,,,,
965,2016-01-09T04:21:04Z,-33.38970000,148.25350000,2481.00,,,,,,
966,2016-01-09T04:21:14Z,-33.39118333,148.25465000,2494.00,,,,,,
967,2016-01-09T04:21:24Z,-33.39221667,148.25421667,2484.00,,,,,,
968,2016-01-09T04:21:34Z,-33.39148333,148.25283333,2467.00,,,,,,
969,2016-01-09T04:21:44Z,-33.39006667,148.25183333,2449.00,,,,,,
970,2016-01-09T04:21:54Z,-33.38830000,148.25090000,2424.00,,,,,,
971,2016-01-09T04:22:04Z,-33.38698333,148.24931667,2425.00,,,,,,
972,2016-01-09T04:22:14Z,-33.38591667,148.24786667,2418.00,,,,,,
973,2016-01-09T04:22:24Z,-33.38505000,148.24643333,2424.00,,,,,,
974,2016-01-09T04:22:34Z,-33.38526667,148.24548333,2449.00,,,,,,
975,2016-01-09T04:22:44Z,-33.38491667,148.24736667,2482.00,,,,,,
976,2016-01-09T04:22:54Z,-33.38496667,148.24676667,2497.00,,,,,,
977,2016-01-09T04:23:04Z,-33.38460000,148.24851667,2530.00,,,,,,
978,2016-01-09T04:23:14Z,-33.38468333,148.24793333,2549.00,,,,,,
979,2016-01-09T04:23:24Z,-33.38435000,148.24953333,2572.00,,,,,,
980,2016-01-09T04:23:34Z,-33.38430000,148.24881667,2591.00,,,,,,
981,2016-01-09T04:23:44Z,-33.38388333,148.25051667,2621.00,,,,,,
982,2016-01-09T04:23:54Z,-33.38421667,148.24993333,2637.00,,,,,,
983,2016-01-09T04:24:04Z,-33.38428333,148.25175000,2663.00,,,,,,
984,2016-01-09T04:24:14Z,-33.38371667,148.25100000,2668.00,,,,,,
985,2016-01-09T04:24:24Z,-33.38303333,148.24951667,2697.00,,,,,,
986,2016-01-09T04:24:34Z,-33.38198333,148.24805000,2705.00,,,,,,
987,2016-01-09T04:24:44Z,-33.38081667,148.24630000,2692.00,,,,,,
988,2016-01-09T04:24:54Z,-33.37921667,148.24466667,2693.00,,,,,,
989,2016-01-09T04:25:04Z,-33.37778333,148.24291667,2680.00,,,,,,
990,2016-01-09T04:25:14Z,-33.37625000,148.24095000,2642.00,,,,,,
991,2016-01-09T04:25:24Z,-33.37513333,148.23891667,2610.00,,,,,,
992,2016-01-09T04:25:34Z,-33.37391667,148.23708333,2569.00,,,,,,
993,2016-01-09T04:25:45Z,-33.37250000,148.23553333,2521.00,,,,,,
994,2016-01-09T04:25:55Z,-33.37106667,148.23398333,2490.00,,,,,,
995,2016-01-09T04:26:05Z,-33.36983333,148.23245000,2475.00,,,,,,
996,2016-01-09T04:26:15Z,-33.36871667,148.23075000,2454.00,,,,,,
997,2016-01-09T04:26:25Z,-33.36773333,148.22896667,2436.00,,,,,,
998,2016-01-09T04:26:35Z,-33.36673333,148.22751667,2406.00,,,,,,
999,2016-01-09T04:26:45Z,-33.36588333,148.22600000,2366.00,,,,,,
1000,2016-01-09T04:26:55Z,-33.36488333,148.22460000,2326.00,,,,,,
1001,2016-01-09T04:27:05Z,-33.36388333,148.22346667,2281.00,,,,,,
1002,2016-01-09T04:27:15Z,-33.36311667,148.22211667,2242.00,,,,,,
1003,2016-01-09T04:27:25Z,-33.36270000,148.22090000,2221.00,,,,,,
1004,2016-01-09T04:27:35Z,-33.36220000,148.21973333,2213.00,,,,,,
1005,2016-01-09T04:27:45Z,-33.36156667,148.21871667,2185.00,,,,,,
1006,2016-01-09T04:27:55Z,-33.36101667,148.21736667,2171.00,,,,,,
1007,2016-01-09T04:28:05Z,-33.36050000,148.21608333,2168.00,,,,,,
1008,2016-01-09T04:28:15Z,-33.36018333,148.21513333,2161.00,,,,,,
1009,2016-01-09T04:28:25Z,-33.35960000,148.21420000,2163.00,,,,,,
1010,2016-01-09T04:28:35Z,-33.35883333,148.21311667,2141.00,,,,,,
1011,2016-01-09T04:28:45Z,-33.35818333,148.21196667,2119.00,,,,,,
1012,2016-01-09T04:28:55Z,-33.35778333,148.21070000,2117.00,,,,,,
1013,2016-01-09T04:29:05Z,-33.35725000,148.20956667,2133.00,,,,,,
1014,2016-01-09T04:29:15Z,-33.35623333,148.20938333,2140.00,,,,,,
1015,2016-01-09T04:29:25Z,-33.35638333,148.21188333,2151.00,,,,,,
1016,2016-01-09T04:29:35Z,-33.35768333,148.21161667,2162.00,,,,,,
1017,2016-01-09T04:29:45Z,-33.35886667,148.21150000,2180.00,,,,,,
1018,2016-01-09T04:29:55Z,-33.35893333,148.21328333,2195.00,,,,,,
1019,2016-01-09T04:30:05Z,-33.35881667,148.21295000,2226.00,,,,,,
1020,2016-01-09T04:30:15Z,-33.35906667,148.21450000,2266.00,,,,,,
1021,2016-01-09T04:30:25Z,-33.35993333,148.21455000,2288.00,,,,,,
1022,2016-01-09T04:30:35Z,-33.35973333,148.21513333,2307.00,,,,,,
1023,2016-01-09T04:30:45Z,-33.36020000,148.21635000,2327.00,,,,,,
1024,2016-01-09T04:30:55Z,-33.36086667,148.21600000,2342.00,,,,,,
1025,2016-01-09T04:31:05Z,-33.36071667,148.21731667,2352.00,,,,,,
1026,2016-01-09T04:31:15Z,-33.36021667,148.21656667,2363.00,,,,,,
1027,2016-01-09T04:31:25Z,-33.36011667,148.21551667,2379.00,,,,,,
1028,2016-01-09T04:31:35Z,-33.36013333,148.21473333,2403.00,,,,,,
1029,2016-01-09T04:31:45Z,-33.36121667,148.21615000,2410.00,,,,,,
1030,2016-01-09T04:31:55Z,-33.36030000,148.21671667,2424.00,,,,,,
1031,2016-01-09T04:32:05Z,-33.36011667,148.21568333,2448.00,,,,,,
1032,2016-01-09T04:32:15Z,-33.35958333,148.21576667,2473.00,,,,,,
1033,2016-01-09T04:32:25Z,-33.36076667,148.21675000,2484.00,,,,,,
1034,2016-01-09T04:32:35Z,-33.36138333,148.21576667,2509.00,,,,,,
1035,2016-01-09T04:32:45Z,-33.36156667,148.21450000,2522.00,,,,,,
1036,2016-01-09T04:32:55Z,-33.36183333,148.21306667,2518.00,,,,,,
1037,2016-01-09T04:33:05Z,-33.36191667,148.21168333,2518.00,,,,,,
1038,2016-01-09T04:33:15Z,-33.36185000,148.21003333,2514.00,,,,,,
1039,2016-01-09T04:33:25Z,-33.36201667,148.20858333,2535.00,,,,,,
1040,2016-01-09T04:33:35Z,-33.36261667,148.20720000,2544.00,,,,,,
1041,2016-01-09T04:33:45Z,-33.36310000,148.20570000,2563.00,,,,,,
1042,2016-01-09T04:33:55Z,-33.36345000,148.20403333,2565.00,,,,,,
1043,2016-01-09T04:34:05Z,-33.36371667,148.20243333,2567.00,,,,,,
1044,2016-01-09T04:34:15Z,-33.36371667,148.20098333,2570.00,,,,,,
1045,2016-01-09T04:34:25Z,-33.36361667,148.19956667,2590.00,,,,,,
1046,2016-01-09T04:34:35Z,-33.36313333,148.19866667,2625.00,,,,,,
1047,2016-01-09T04:34:45Z,-33.36308333,148.20013333,2655.00,,,,,,
1048,2016-01-09T04:34:55Z,-33.36370000,148.19946667,2681.00,,,,,,
1049,2016-01-09T04:35:05Z,-33.36283333,148.20043333,2709.00,,,,,,
1050,2016-01-09T04:35:15Z,-33.36393333,148.20141667,2728.00,,,,,,
1051,2016-01-09T04:35:25Z,-33.36338333,148.20071667,2758.00,,,,,,
1052,2016-01-09T04:35:35Z,-33.36355000,148.20231667,2779.00,,,,,,
1053,2016-01-09T04:35:45Z,-33.36431667,148.20151667,2796.00,,,,,,
1054,2016-01-09T04:35:55Z,-33.36338333,148.20215000,2826.00,,,,,,
1055,2016-01-09T04:36:06Z,-33.36440000,148.20265000,2839.00,,,,,,
1056,2016-01-09T04:36:16Z,-33.36371667,148.20230000,2867.00,,,,,,
1057,2016-01-09T04:36:26Z,-33.36416667,148.20386667,2888.00,,,,,,
1058,2016-01-09T04:36:36Z,-33.36428333,148.20300000,2894.00,,,,,,
1059,2016-01-09T04:36:46Z,-33.36293333,148.20283333,2911.00,,,,,,
1060,2016-01-09T04:36:56Z,-33.36210000,148.20161667,2910.00,,,,,,
1061,2016-01-09T04:37:06Z,-33.36141667,148.20010000,2919.00,,,,,,
1062,2016-01-09T04:37:16Z,-33.36043333,148.19880000,2901.00,,,,,,
1063,2016-01-09T04:37:26Z,-33.35961667,148.19716667,2887.00,,,,,,
1064,2016-01-09T04:37:36Z,-33.35903333,148.19548333,2876.00,,,,,,
1065,2016-01-09T04:37:46Z,-33.35825000,148.19391667,2859.00,,,,,,
1066,2016-01-09T04:37:56Z,-33.35721667,148.19256667,2858.00,,,,,,
1067,2016-01-09T04:38:06Z,-33.35661667,148.19081667,2863.00,,,,,,
1068,2016-01-09T04:38:16Z,-33.35585000,148.18863333,2840.00,,,,,,
1069,2016-01-09T04:38:26Z,-33.35481667,148.18668333,2807.00,,,,,,
1070,2016-01-09T04:38:36Z,-33.35373333,148.18490000,2774.00,,,,,,
1071,2016-01-09T04:38:46Z,-33.35261667,148.18323333,2740.00,,,,,,
1072,2016-01-09T04:38:56Z,-33.35156667,148.18136667,2702.00,,,,,,
1073,2016-01-09T04:39:06Z,-33.35038333,148.17960000,2668.00,,,,,,
1074,2016-01-09T04:39:16Z,-33.34893333,148.17775000,2636.00,,,,,,
1075,2016-01-09T04:39:26Z,-33.34800000,148.17590000,2600.00,,,,,,
1076,2016-01-09T04:39:36Z,-33.34730000,148.17388333,2561.00,,,,,,
1077,2016-01-09T04:39:46Z,-33.34636667,148.17200000,2519.00,,,,,,
1078,2016-01-09T04:39:56Z,-33.34526667,148.17031667,2473.00,,,,,,
1079,2016-01-09T04:40:06Z,-33.34418333,148.16866667,2431.00,,,,,,
1080,2016-01-09T04:40:16Z,-33.34321667,148.16681667,2398.00,,,,,,
1081,2016-01-09T04:40:26Z,-33.34200000,148.16506667,2370.00,,,,,,
1082,2016-01-09T04:40:36Z,-33.34088333,148.16350000,2348.00,,,,,,
1083,2016-01-09T04:40:46Z,-33.33981667,148.16195000,2323.00,,,,,,
1084,2016-01-09T04:40:56Z,-33.33881667,148.16035000,2300.00,,,,,,
1085,2016-01-09T04:41:06Z,-33.33768333,148.15868333,2276.00,,,,,,
1086,2016-01-09T04:41:16Z,-33.33670000,148.15716667,2255.00,,,,,,
1087,2016-01-09T04:41:26Z,-33.33555000,148.15560000,2219.00,,,,,,
1088,2016-01-09T04:41:36Z,-33.33435000,148.15441667,2189.00,,,,,,
1089,2016-01-09T04:41:46Z,-33.33336667,148.15293333,2161.00,,,,,,
1090,2016-01-09T04:41:56Z,-33.33250000,148.15155000,2125.00,,,,,,
1091,2016-01-09T04:41:57Z,-33.33243333,148.15136667,2121.00,,,,,,
1092,2016-01-09T04:42:07Z,-33.33166667,148.15005000,2108.00,,,,,,
1093,2016-01-09T04:42:17Z,-33.33075000,148.14905000,2087.00,,,,,,
1094,2016-01-09T04:42:27Z,-33.33045000,148.14880000,2079.00,,,,,,
1095,2016-01-09T04:42:37Z,-33.32891667,148.14735000,2058.00,,,,,,
1096,2016-01-09T04:42:48Z,-33.32860000,148.14618333,2034.00,,,,,,
1097,2016-01-09T04:42:58Z,-33.32815000,148.14501667,2017.00,,,,,,
1098,2016-01-09T04:43:08Z,-33.32798333,148.14383333,2010.00,,,,,,
1099,2016-01-09T04:43:18Z,-33.32768333,148.14270000,1995.00,,,,,,
1100,2016-01-09T04:43:28Z,-33.32751667,148.14118333,1976.00,,,,,,
1101,2016-01-09T04:43:38Z,-33.32735000,148.13990000,1962.00,,,,,,
1102,2016-01-09T04:43:48Z,-33.32693333,148.13841667,1946.00,,,,,,
1103,2016-01-09T04:43:58Z,-33.32660000,148.13691667,1926.00,,,,,,
1104,2016-01-09T04:44:08Z,-33.32631667,148.13536667,1916.00,,,,,,
1105,2016-01-09T04:44:18Z,-33.32581667,148.13380000,1911.00,,,,,,
1106,2016-01-09T04:44:28Z,-33.32525000,148.13225000,1918.00,,,,,,
1107,2016-01-09T04:44:38Z,-33.32511667,148.13056667,1911.00,,,,,,
1108,2016-01-09T04:44:48Z,-33.32488333,148.12895000,1903.00,,,,,,
1109,2016-01-09T04:44:58Z,-33.32470000,148.12736667,1886.00,,,,,,
1110,2016-01-09T04:45:08Z,-33.32460000,148.12576667,1860.00,,,,,,
1111,2016-01-09T04:45:18Z,-33.32481667,148.12401667,1826.00,,,,,,
1112,2016-01-09T04:45:28Z,-33.32406667,148.12238333,1808.00,,,,,,
1113,2016-01-09T04:45:38Z,-33.32310000,148.12080000,1813.00,,,,,,
1114,2016-01-09T04:45:48Z,-33.32211667,148.11976667,1849.00,,,,,,
1115,2016-01-09T04:45:58Z,-33.32266667,148.12060000,1872.00,,,,,,
1116,2016-01-09T04:46:08Z,-33.32196667,148.12041667,1903.00,,,,,,
1117,2016-01-09T04:46:18Z,-33.32278333,148.12125000,1926.00,,,,,,
1118,2016-01-09T04:46:28Z,-33.32231667,148.12053333,1960.00,,,,,,
1119,2016-01-09T04:46:38Z,-33.32261667,148.12178333,1990.00,,,,,,
1120,2016-01-09T04:46:48Z,-33.32301667,148.12093333,2015.00,,,,,,
1121,2016-01-09T04:46:58Z,-33.32283333,148.12230000,2036.00,,,,,,
1122,2016-01-09T04:47:08Z,-33.32331667,148.12186667,2061.00,,,,,,
1123,2016-01-09T04:47:18Z,-33.32303333,148.12333333,2080.00,,,,,,
1124,2016-01-09T04:47:28Z,-33.32390000,148.12311667,2111.00,,,,,,
1125,2016-01-09T04:47:38Z,-33.32341667,148.12421667,2137.00,,,,,,
1126,2016-01-09T04:47:48Z,-33.32441667,148.12511667,2164.00,,,,,,
1127,2016-01-09T04:47:58Z,-33.32380000,148.12460000,2197.00,,,,,,
1128,2016-01-09T04:48:08Z,-33.32441667,148.12541667,2233.00,,,,,,
1129,2016-01-09T04:48:18Z,-33.32403333,148.12520000,2253.00,,,,,,
1130,2016-01-09T04:48:28Z,-33.32481667,148.12613333,2281.00,,,,,,
1131,2016-01-09T04:48:38Z,-33.32406667,148.12616667,2301.00,,,,,,
1132,2016-01-09T04:48:48Z,-33.32485000,148.12738333,2334.00,,,,,,
1133,2016-01-09T04:48:58Z,-33.32466667,148.12721667,2355.00,,,,,,
1134,2016-01-09T04:49:08Z,-33.32565000,148.12773333,2376.00,,,,,,
1135,2016-01-09T04:49:18Z,-33.32496667,148.12765000,2395.00,,,,,,
1136,2016-01-09T04:49:28Z,-33.32581667,148.12871667,2405.00,,,,,,
1137,2016-01-09T04:49:38Z,-33.32521667,148.12810000,2415.00,,,,,,
1138,2016-01-09T04:49:48Z,-33.32406667,148.12836667,2431.00,,,,,,
1139,2016-01-09T04:49:58Z,-33.32273333,148.12871667,2455.00,,,,,,
1140,2016-01-09T04:50:08Z,-33.32218333,148.13001667,2479.00,,,,,,
1141,2016-01-09T04:50:18Z,-33.32261667,148.12963333,2506.00,,,,,,
1142,2016-01-09T04:50:28Z,-33.32171667,148.13130000,2524.00,,,,,,
1143,2016-01-09T04:50:38Z,-33.32131667,148.13278333,2550.00,,,,,,
1144,2016-01-09T04:50:48Z,-33.32141667,148.13221667,2575.00,,,,,,
1145,2016-01-09T04:50:58Z,-33.32150000,148.13376667,2602.00,,,,,,
1146,2016-01-09T04:51:08Z,-33.32140000,148.13343333,2623.00,,,,,,
1147,2016-01-09T04:51:18Z,-33.32126667,148.13500000,2641.00,,,,,,
1148,2016-01-09T04:51:28Z,-33.32071667,148.13453333,2658.00,,,,,,
1149,2016-01-09T04:51:38Z,-33.32171667,148.13495000,2673.00,,,,,,
1150,2016-01-09T04:51:48Z,-33.32078333,148.13576667,2684.00,,,,,,
1151,2016-01-09T04:51:58Z,-33.32085000,148.13490000,2695.00,,,,,,
1152,2016-01-09T04:52:08Z,-33.32153333,148.13416667,2710.00,,,,,,
1153,2016-01-09T04:52:18Z,-33.32190000,148.13306667,2726.00,,,,,,
1154,2016-01-09T04:52:28Z,-33.32210000,148.13173333,2748.00,,,,,,
1155,2016-01-09T04:52:38Z,-33.32101667,148.13190000,2757.00,,,,,,
1156,2016-01-09T04:52:48Z,-33.32203333,148.13233333,2765.00,,,,,,
1157,2016-01-09T04:52:58Z,-33.32221667,148.13056667,2768.00,,,,,,
1158,2016-01-09T04:53:08Z,-33.32196667,148.12846667,2774.00,,,,,,
1159,2016-01-09T04:53:18Z,-33.32205000,148.12723333,2795.00,,,,,,
1160,2016-01-09T04:53:28Z,-33.32270000,148.12585000,2765.00,,,,,,
1161,2016-01-09T04:53:38Z,-33.32243333,148.12406667,2726.00,,,,,,
1162,2016-01-09T04:53:48Z,-33.32285000,148.12211667,2684.00,,,,,,
1163,2016-01-09T04:53:58Z,-33.32318333,148.12023333,2659.00,,,,,,
1164,2016-01-09T04:54:08Z,-33.32368333,148.11826667,2611.00,,,,,,
1165,2016-01-09T04:54:18Z,-33.32448333,148.11653333,2583.00,,,,,,
1166,2016-01-09T04:54:28Z,-33.32523333,148.11486667,2558.00,,,,,,
1167,2016-01-09T04:54:38Z,-33.32583333,148.11330000,2537.00,,,,,,
1168,2016-01-09T04:54:48Z,-33.32611667,148.11148333,2513.00,,,,,,
1169,2016-01-09T04:54:58Z,-33.32656667,148.10980000,2480.00,,,,,,
1170,2016-01-09T04:55:08Z,-33.32701667,148.10860000,2455.00,,,,,,
1171,2016-01-09T04:55:18Z,-33.32731667,148.10703333,2434.00,,,,,,
1172,2016-01-09T04:55:28Z,-33.32725000,148.10548333,2405.00,,,,,,
1173,2016-01-09T04:55:38Z,-33.32720000,148.10420000,2390.00,,,,,,
1174,2016-01-09T04:55:48Z,-33.32685000,148.10268333,2372.00,,,,,,
1175,2016-01-09T04:55:58Z,-33.32636667,148.10103333,2348.00,,,,,,
1176,2016-01-09T04:56:08Z,-33.32675000,148.09933333,2307.00,,,,,,
1177,2016-01-09T04:56:18Z,-33.32805000,148.09801667,2278.00,,,,,,
1178,2016-01-09T04:56:28Z,-33.32938333,148.09676667,2250.00,,,,,,
1179,2016-01-09T04:56:38Z,-33.33081667,148.09540000,2216.00,,,,,,
1180,2016-01-09T04:56:48Z,-33.33198333,148.09393333,2182.00,,,,,,
1181,2016-01-09T04:56:58Z,-33.33313333,148.09223333,2143.00,,,,,,
1182,2016-01-09T04:57:08Z,-33.33431667,148.09130000,2163.00,,,,,,
1183,2016-01-09T04:57:18Z,-33.33585000,148.09116667,2176.00,,,,,,
1184,2016-01-09T04:57:28Z,-33.33670000,148.09063333,2201.00,,,,,,
1185,2016-01-09T04:57:38Z,-33.33628333,148.09188333,2231.00,,,,,,
1186,2016-01-09T04:57:48Z,-33.33681667,148.09255000,2236.00,,,,,,
1187,2016-01-09T04:57:58Z,-33.33745000,148.09218333,2258.00,,,,,,
1188,2016-01-09T04:58:08Z,-33.33716667,148.09403333,2273.00,,,,,,
1189,2016-01-09T04:58:18Z,-33.33730000,148.09311667,2275.00,,,,,,
1190,2016-01-09T04:58:28Z,-33.33818333,148.09175000,2268.00,,,,,,
1191,2016-01-09T04:58:38Z,-33.33868333,148.09010000,2227.00,,,,,,
1192,2016-01-09T04:58:48Z,-33.33905000,148.08845000,2200.00,,,,,,
1193,2016-01-09T04:58:58Z,-33.33911667,148.08673333,2161.00,,,,,,
1194,2016-01-09T04:59:08Z,-33.33891667,148.08496667,2125.00,,,,,,
1195,2016-01-09T04:59:18Z,-33.33896667,148.08325000,2108.00,,,,,,
1196,2016-01-09T04:59:28Z,-33.33876667,148.08160000,2080.00,,,,,,
1197,2016-01-09T04:59:38Z,-33.33863333,148.07996667,2063.00,,,,,,
1198,2016-01-09T04:59:48Z,-33.33828333,148.07835000,2013.00,,,,,,
1199,2016-01-09T04:59:58Z,-33.33808333,148.07670000,2006.00,,,,,,
1200,2016-01-09T05:00:08Z,-33.33808333,148.07520000,2004.00,,,,,,
1201,2016-01-09T05:00:19Z,-33.33850000,148.07351667,1986.00,,,,,,
1202,2016-01-09T05:00:29Z,-33.33903333,148.07195000,1967.00,,,,,,
1203,2016-01-09T05:00:39Z,-33.34006667,148.07065000,1944.00,,,,,,
1204,2016-01-09T05:00:49Z,-33.34195000,148.07126667,1934.00,,,,,,
1205,2016-01-09T05:00:59Z,-33.34381667,148.07305000,1944.00,,,,,,
1206,2016-01-09T05:01:09Z,-33.34528333,148.07460000,1950.00,,,,,,
1207,2016-01-09T05:01:19Z,-33.34651667,148.07618333,1977.00,,,,,,
1208,2016-01-09T05:01:29Z,-33.34800000,148.07723333,2005.00,,,,,,
1209,2016-01-09T05:01:39Z,-33.34863333,148.07726667,2041.00,,,,,,
1210,2016-01-09T05:01:49Z,-33.34821667,148.07890000,2081.00,,,,,,
1211,2016-01-09T05:01:59Z,-33.34836667,148.07873333,2117.00,,,,,,
1212,2016-01-09T05:02:09Z,-33.34820000,148.08038333,2150.00,,,,,,
1213,2016-01-09T05:02:19Z,-33.34833333,148.08006667,2190.00,,,,,,
1214,2016-01-09T05:02:29Z,-33.34838333,148.08120000,2216.00,,,,,,
1215,2016-01-09T05:02:39Z,-33.34770000,148.08188333,2252.00,,,,,,
1216,2016-01-09T05:02:49Z,-33.34826667,148.08201667,2280.00,,,,,,
1217,2016-01-09T05:02:59Z,-33.34688333,148.08273333,2315.00,,,,,,
1218,2016-01-09T05:03:09Z,-33.34741667,148.08403333,2336.00,,,,,,
1219,2016-01-09T05:03:19Z,-33.34713333,148.08338333,2361.00,,,,,,
1220,2016-01-09T05:03:29Z,-33.34673333,148.08511667,2372.00,,,,,,
1221,2016-01-09T05:03:39Z,-33.34755000,148.08525000,2388.00,,,,,,
1222,2016-01-09T05:03:49Z,-33.34738333,148.08445000,2413.00,,,,,,
1223,2016-01-09T05:03:59Z,-33.34705000,148.08351667,2408.00,,,,,,
1224,2016-01-09T05:04:09Z,-33.34696667,148.08230000,2386.00,,,,,,
1225,2016-01-09T05:04:19Z,-33.34675000,148.08056667,2363.00,,,,,,
1226,2016-01-09T05:04:29Z,-33.34658333,148.07911667,2386.00,,,,,,
1227,2016-01-09T05:04:39Z,-33.34650000,148.07786667,2386.00,,,,,,
1228,2016-01-09T05:04:49Z,-33.34601667,148.07636667,2380.00,,,,,,
1229,2016-01-09T05:04:59Z,-33.34455000,148.07561667,2398.00,,,,,,
1230,2016-01-09T05:05:09Z,-33.34318333,148.07480000,2419.00,,,,,,
1231,2016-01-09T05:05:19Z,-33.34198333,148.07396667,2440.00,,,,,,
1232,2016-01-09T05:05:29Z,-33.34256667,148.07411667,2461.00,,,,,,
1233,2016-01-09T05:05:39Z,-33.34213333,148.07598333,2479.00,,,,,,
1234,2016-01-09T05:05:49Z,-33.34091667,148.07586667,2500.00,,,,,,
1235,2016-01-09T05:05:59Z,-33.34151667,148.07675000,2519.00,,,,,,
1236,2016-01-09T05:06:09Z,-33.34025000,148.07713333,2536.00,,,,,,
1237,2016-01-09T05:06:19Z,-33.33991667,148.07573333,2535.00,,,,,,
1238,2016-01-09T05:06:29Z,-33.33948333,148.07411667,2521.00,,,,,,
1239,2016-01-09T05:06:39Z,-33.33875000,148.07233333,2490.00,,,,,,
1240,2016-01-09T05:06:49Z,-33.33833333,148.07041667,2491.00,,,,,,
1241,2016-01-09T05:06:59Z,-33.33870000,148.06855000,2485.00,,,,,,
1242,2016-01-09T05:07:09Z,-33.33856667,148.06681667,2474.00,,,,,,
1243,2016-01-09T05:07:19Z,-33.33835000,148.06500000,2463.00,,,,,,
1244,2016-01-09T05:07:29Z,-33.33826667,148.06326667,2443.00,,,,,,
1245,2016-01-09T05:07:39Z,-33.33811667,148.06161667,2410.00,,,,,,
1246,2016-01-09T05:07:49Z,-33.33785000,148.05988333,2375.00,,,,,,
1247,2016-01-09T05:07:59Z,-33.33785000,148.05810000,2341.00,,,,,,
1248,2016-01-09T05:08:09Z,-33.33781667,148.05641667,2317.00,,,,,,
1249,2016-01-09T05:08:19Z,-33.33786667,148.05490000,2308.00,,,,,,
1250,2016-01-09T05:08:29Z,-33.33771667,148.05325000,2268.00,,,,,,
1251,2016-01-09T05:08:39Z,-33.33713333,148.05155000,2240.00,,,,,,
1252,2016-01-09T05:08:49Z,-33.33668333,148.04976667,2226.00,,,,,,
1253,2016-01-09T05:08:59Z,-33.33650000,148.04788333,2196.00,,,,,,
1254,2016-01-09T05:09:09Z,-33.33623333,148.04573333,2156.00,,,,,,
1255,2016-01-09T05:09:19Z,-33.33621667,148.04375000,2120.00,,,,,,
1256,2016-01-09T05:09:29Z,-33.33616667,148.04180000,2080.00,,,,,,
1257,2016-01-09T05:09:39Z,-33.33635000,148.03973333,2035.00,,,,,,
1258,2016-01-09T05:09:49Z,-33.33651667,148.03776667,1985.00,,,,,,
1259,2016-01-09T05:09:59Z,-33.33696667,148.03598333,1948.00,,,,,,
1260,2016-01-09T05:10:09Z,-33.33706667,148.03416667,1912.00,,,,,,
1261,2016-01-09T05:10:19Z,-33.33683333,148.03233333,1867.00,,,,,,
1262,2016-01-09T05:10:29Z,-33.33670000,148.03055000,1840.00,,,,,,
1263,2016-01-09T05:10:39Z,-33.33628333,148.02871667,1799.00,,,,,,
1264,2016-01-09T05:10:49Z,-33.33606667,148.02701667,1776.00,,,,,,
1265,2016-01-09T05:10:59Z,-33.33596667,148.02510000,1755.00,,,,,,
1266,2016-01-09T05:11:09Z,-33.33568333,148.02328333,1736.00,,,,,,
1267,2016-01-09T05:11:19Z,-33.33533333,148.02138333,1711.00,,,,,,
1268,2016-01-09T05:11:29Z,-33.33516667,148.01958333,1685.00,,,,,,
1269,2016-01-09T05:11:39Z,-33.33513333,148.01786667,1652.00,,,,,,
1270,2016-01-09T05:11:49Z,-33.33526667,148.01606667,1613.00,,,,,,
1271,2016-01-09T05:11:59Z,-33.33520000,148.01431667,1572.00,,,,,,
1272,2016-01-09T05:12:09Z,-33.33495000,148.01258333,1521.00,,,,,,
1273,2016-01-09T05:12:19Z,-33.33438333,148.01103333,1467.00,,,,,,
1274,2016-01-09T05:12:29Z,-33.33358333,148.00926667,1421.00,,,,,,
1275,2016-01-09T05:12:39Z,-33.33301667,148.00766667,1413.00,,,,,,
1276,2016-01-09T05:12:49Z,-33.33295000,148.00646667,1416.00,,,,,,
1277,2016-01-09T05:12:59Z,-33.33270000,148.00493333,1409.00,,,,,,
1278,2016-01-09T05:13:09Z,-33.33191667,148.00351667,1399.00,,,,,,
1279,2016-01-09T05:13:19Z,-33.33085000,148.00215000,1378.00,,,,,,
1280,2016-01-09T05:13:29Z,-33.32945000,148.00098333,1386.00,,,,,,
1281,2016-01-09T05:13:39Z,-33.32820000,147.99970000,1394.00,,,,,,
1282,2016-01-09T05:13:49Z,-33.32816667,147.99868333,1417.00,,,,,,
1283,2016-01-09T05:13:59Z,-33.32833333,147.99996667,1417.00,,,,,,
1284,2016-01-09T05:14:09Z,-33.32705000,148.00080000,1447.00,,,,,,
1285,2016-01-09T05:14:19Z,-33.32788333,148.00126667,1470.00,,,,,,
1286,2016-01-09T05:14:29Z,-33.32696667,148.00146667,1486.00,,,,,,
1287,2016-01-09T05:14:39Z,-33.32715000,148.00246667,1515.00,,,,,,
1288,2016-01-09T05:14:49Z,-33.32705000,148.00250000,1539.00,,,,,,
1289,2016-01-09T05:14:59Z,-33.32616667,148.00296667,1563.00,,,,,,
1290,2016-01-09T05:15:09Z,-33.32655000,148.00398333,1586.00,,,,,,
1291,2016-01-09T05:15:19Z,-33.32605000,148.00381667,1603.00,,,,,,
1292,2016-01-09T05:15:29Z,-33.32571667,148.00508333,1615.00,,,,,,
1293,2016-01-09T05:15:40Z,-33.32578333,148.00458333,1632.00,,,,,,
1294,2016-01-09T05:15:50Z,-33.32503333,148.00566667,1646.00,,,,,,
1295,2016-01-09T05:16:00Z,-33.32510000,148.00491667,1660.00,,,,,,
1296,2016-01-09T05:16:10Z,-33.32466667,148.00613333,1669.00,,,,,,
1297,2016-01-09T05:16:20Z,-33.32486667,148.00575000,1685.00,,,,,,
1298,2016-01-09T05:16:30Z,-33.32391667,148.00678333,1695.00,,,,,,
1299,2016-01-09T05:16:40Z,-33.32385000,148.00585000,1711.00,,,,,,
1300,2016-01-09T05:16:50Z,-33.32305000,148.00596667,1732.00,,,,,,
1301,2016-01-09T05:17:00Z,-33.32395000,148.00630000,1748.00,,,,,,
1302,2016-01-09T05:17:10Z,-33.32286667,148.00653333,1773.00,,,,,,
1303,2016-01-09T05:17:20Z,-33.32350000,148.00748333,1794.00,,,,,,
1304,2016-01-09T05:17:30Z,-33.32270000,148.00715000,1810.00,,,,,,
1305,2016-01-09T05:17:40Z,-33.32321667,148.00793333,1828.00,,,,,,
1306,2016-01-09T05:17:50Z,-33.32211667,148.00815000,1851.00,,,,,,
1307,2016-01-09T05:18:00Z,-33.32280000,148.00911667,1869.00,,,,,,
1308,2016-01-09T05:18:10Z,-33.32198333,148.00863333,1885.00,,,,,,
1309,2016-01-09T05:18:20Z,-33.32206667,148.01001667,1906.00,,,,,,
1310,2016-01-09T05:18:30Z,-33.32155000,148.00931667,1930.00,,,,,,
1311,2016-01-09T05:18:40Z,-33.32165000,148.01026667,1951.00,,,,,,
1312,2016-01-09T05:18:50Z,-33.32108333,148.00925000,1969.00,,,,,,
1313,2016-01-09T05:19:00Z,-33.32118333,148.00795000,1984.00,,,,,,
1314,2016-01-09T05:19:10Z,-33.32088333,148.00635000,1982.00,,,,,,
1315,2016-01-09T05:19:20Z,-33.32053333,148.00461667,1972.00,,,,,,
1316,2016-01-09T05:19:30Z,-33.32033333,148.00276667,1959.00,,,,,,
1317,2016-01-09T05:19:40Z,-33.32005000,148.00090000,1949.00,,,,,,
1318,2016-01-09T05:19:50Z,-33.31960000,147.99898333,1932.00,,,,,,
1319,2016-01-09T05:20:00Z,-33.31905000,147.99691667,1908.00,,,,,,
1320,2016-01-09T05:20:10Z,-33.31848333,147.99508333,1919.00,,,,,,
1321,2016-01-09T05:20:20Z,-33.31796667,147.99373333,1928.00,,,,,,
1322,2016-01-09T05:20:30Z,-33.31858333,147.99310000,1944.00,,,,,,
1323,2016-01-09T05:20:40Z,-33.31811667,147.99460000,1956.00,,,,,,
1324,2016-01-09T05:20:50Z,-33.31810000,147.99445000,1972.00,,,,,,
1325,2016-01-09T05:21:00Z,-33.31825000,147.99630000,1981.00,,,,,,
1326,2016-01-09T05:21:10Z,-33.31700000,147.99593333,1992.00,,,,,,
1327,2016-01-09T05:21:20Z,-33.31726667,147.99490000,2014.00,,,,,,
1328,2016-01-09T05:21:30Z,-33.31720000,147.99625000,2030.00,,,,,,
1329,2016-01-09T05:21:40Z,-33.31673333,147.99551667,2048.00,,,,,,
1330,2016-01-09T05:21:50Z,-33.31711667,147.99671667,2066.00,,,,,,
1331,2016-01-09T05:22:00Z,-33.31656667,147.99638333,2084.00,,,,,,
1332,2016-01-09T05:22:10Z,-33.31720000,147.99761667,2097.00,,,,,,
1333,2016-01-09T05:22:20Z,-33.31665000,147.99753333,2113.00,,,,,,
1334,2016-01-09T05:22:30Z,-33.31733333,147.99853333,2130.00,,,,,,
1335,2016-01-09T05:22:40Z,-33.31633333,147.99843333,2149.00,,,,,,
1336,2016-01-09T05:22:50Z,-33.31706667,147.99943333,2179.00,,,,,,
1337,2016-01-09T05:23:00Z,-33.31630000,147.99926667,2199.00,,,,,,
1338,2016-01-09T05:23:10Z,-33.31733333,147.99983333,2222.00,,,,,,
1339,2016-01-09T05:23:20Z,-33.31686667,148.00126667,2239.00,,,,,,
1340,2016-01-09T05:23:30Z,-33.31758333,148.00116667,2268.00,,,,,,
1341,2016-01-09T05:23:40Z,-33.31706667,148.00153333,2288.00,,,,,,
1342,2016-01-09T05:23:50Z,-33.31730000,148.00271667,2310.00,,,,,,
1343,2016-01-09T05:24:00Z,-33.31763333,148.00235000,2332.00,,,,,,
1344,2016-01-09T05:24:10Z,-33.31690000,148.00338333,2354.00,,,,,,
1345,2016-01-09T05:24:20Z,-33.31766667,148.00395000,2375.00,,,,,,
1346,2016-01-09T05:24:30Z,-33.31695000,148.00403333,2398.00,,,,,,
1347,2016-01-09T05:24:40Z,-33.31770000,148.00521667,2421.00,,,,,,
1348,2016-01-09T05:24:50Z,-33.31726667,148.00508333,2434.00,,,,,,
1349,2016-01-09T05:25:00Z,-33.31785000,148.00633333,2452.00,,,,,,
1350,2016-01-09T05:25:10Z,-33.31683333,148.00606667,2462.00,,,,,,
1351,2016-01-09T05:25:20Z,-33.31763333,148.00655000,2484.00,,,,,,
1352,2016-01-09T05:25:30Z,-33.31666667,148.00710000,2503.00,,,,,,
1353,2016-01-09T05:25:40Z,-33.31750000,148.00725000,2521.00,,,,,,
1354,2016-01-09T05:25:50Z,-33.31643333,148.00833333,2536.00,,,,,,
1355,2016-01-09T05:26:00Z,-33.31525000,148.00758333,2543.00,,,,,,
1356,2016-01-09T05:26:10Z,-33.31391667,148.00688333,2565.00,,,,,,
1357,2016-01-09T05:26:20Z,-33.31433333,148.00596667,2597.00,,,,,,
1358,2016-01-09T05:26:30Z,-33.31371667,148.00746667,2607.00,,,,,,
1359,2016-01-09T05:26:40Z,-33.31340000,148.00671667,2639.00,,,,,,
1360,2016-01-09T05:26:50Z,-33.31290000,148.00796667,2667.00,,,,,,
1361,2016-01-09T05:27:00Z,-33.31331667,148.00735000,2698.00,,,,,,
1362,2016-01-09T05:27:10Z,-33.31256667,148.00845000,2726.00,,,,,,
1363,2016-01-09T05:27:20Z,-33.31295000,148.00773333,2756.00,,,,,,
1364,2016-01-09T05:27:30Z,-33.31215000,148.00851667,2780.00,,,,,,
1365,2016-01-09T05:27:40Z,-33.31286667,148.00838333,2811.00,,,,,,
1366,2016-01-09T05:27:50Z,-33.31190000,148.00896667,2842.00,,,,,,
1367,2016-01-09T05:28:00Z,-33.31251667,148.00928333,2871.00,,,,,,
1368,2016-01-09T05:28:10Z,-33.31163333,148.00905000,2898.00,,,,,,
1369,2016-01-09T05:28:20Z,-33.31231667,148.01005000,2929.00,,,,,,
1370,2016-01-09T05:28:30Z,-33.31156667,148.00951667,2955.00,,,,,,
1371,2016-01-09T05:28:40Z,-33.31230000,148.01061667,2984.00,,,,,,
1372,2016-01-09T05:28:50Z,-33.31138333,148.01036667,3016.00,,,,,,
1373,2016-01-09T05:29:00Z,-33.31243333,148.01106667,3045.00,,,,,,
1374,2016-01-09T05:29:10Z,-33.31146667,148.01136667,3070.00,,,,,,
1375,2016-01-09T05:29:20Z,-33.31246667,148.01158333,3095.00,,,,,,
1376,2016-01-09T05:29:30Z,-33.31155000,148.01221667,3119.00,,,,,,
1377,2016-01-09T05:29:40Z,-33.31226667,148.01073333,3143.00,,,,,,
1378,2016-01-09T05:29:50Z,-33.31306667,148.00941667,3153.00,,,,,,
1379,2016-01-09T05:30:00Z,-33.31333333,148.00766667,3153.00,,,,,,
1380,2016-01-09T05:30:10Z,-33.31325000,148.00576667,3143.00,,,,,,
1381,2016-01-09T05:30:20Z,-33.31343333,148.00355000,3125.00,,,,,,
1382,2016-01-09T05:30:30Z,-33.31360000,148.00111667,3103.00,,,,,,
1383,2016-01-09T05:30:40Z,-33.31373333,147.99861667,3096.00,,,,,,
1384,2016-01-09T05:30:50Z,-33.31395000,147.99616667,3075.00,,,,,,
1385,2016-01-09T05:31:00Z,-33.31400000,147.99373333,3031.00,,,,,,
1386,2016-01-09T05:31:10Z,-33.31433333,147.99185000,2998.00,,,,,,
1387,2016-01-09T05:31:20Z,-33.31438333,147.98978333,2965.00,,,,,,
1388,2016-01-09T05:31:30Z,-33.31418333,147.98768333,2931.00,,,,,,
1389,2016-01-09T05:31:40Z,-33.31385000,147.98561667,2897.00,,,,,,
1390,2016-01-09T05:31:50Z,-33.31395000,147.98335000,2857.00,,,,,,
1391,2016-01-09T05:32:00Z,-33.31403333,147.98108333,2813.00,,,,,,
1392,2016-01-09T05:32:10Z,-33.31405000,147.97875000,2769.00,,,,,,
1393,2016-01-09T05:32:20Z,-33.31433333,147.97665000,2725.00,,,,,,
1394,2016-01-09T05:32:30Z,-33.31435000,147.97463333,2685.00,,,,,,
1395,2016-01-09T05:32:40Z,-33.31471667,147.97261667,2656.00,,,,,,
1396,2016-01-09T05:32:50Z,-33.31491667,147.97070000,2633.00,,,,,,
1397,2016-01-09T05:33:00Z,-33.31495000,147.96885000,2593.00,,,,,,
1398,2016-01-09T05:33:10Z,-33.31473333,147.96691667,2556.00,,,,,,
1399,2016-01-09T05:33:20Z,-33.31456667,147.96521667,2553.00,,,,,,
1400,2016-01-09T05:33:30Z,-33.31478333,147.96428333,2530.00,,,,,,
1401,2016-01-09T05:33:40Z,-33.31445000,147.96313333,2499.00,,,,,,
1402,2016-01-09T05:33:50Z,-33.31376667,147.96153333,2466.00,,,,,,
1403,2016-01-09T05:34:00Z,-33.31370000,147.96011667,2454.00,,,,,,
1404,2016-01-09T05:34:10Z,-33.31373333,147.95853333,2426.00,,,,,,
1405,2016-01-09T05:34:20Z,-33.31323333,147.95678333,2396.00,,,,,,
1406,2016-01-09T05:34:30Z,-33.31256667,147.95521667,2397.00,,,,,,
1407,2016-01-09T05:34:40Z,-33.31211667,147.95398333,2390.00,,,,,,
1408,2016-01-09T05:34:50Z,-33.31143333,147.95253333,2384.00,,,,,,
1409,2016-01-09T05:35:00Z,-33.31113333,147.95106667,2398.00,,,,,,
1410,2016-01-09T05:35:10Z,-33.31225000,147.95075000,2402.00,,,,,,
1411,2016-01-09T05:35:20Z,-33.31230000,147.95286667,2417.00,,,,,,
1412,2016-01-09T05:35:30Z,-33.31220000,147.95235000,2422.00,,,,,,
1413,2016-01-09T05:35:40Z,-33.31328333,147.95381667,2428.00,,,,,,
1414,2016-01-09T05:35:50Z,-33.31240000,147.95511667,2428.00,,,,,,
1415,2016-01-09T05:36:00Z,-33.31165000,147.95423333,2452.00,,,,,,
1416,2016-01-09T05:36:10Z,-33.31100000,147.95525000,2460.00,,,,,,
1417,2016-01-09T05:36:20Z,-33.31233333,147.95523333,2483.00,,,,,,
1418,2016-01-09T05:36:30Z,-33.31256667,147.95436667,2465.00,,,,,,
1419,2016-01-09T05:36:40Z,-33.31150000,147.95621667,2464.00,,,,,,
1420,2016-01-09T05:36:51Z,-33.31140000,147.95560000,2483.00,,,,,,
1421,2016-01-09T05:37:01Z,-33.31160000,147.95693333,2501.00,,,,,,
1422,2016-01-09T05:37:11Z,-33.31183333,147.95646667,2521.00,,,,,,
1423,2016-01-09T05:37:21Z,-33.31198333,147.95810000,2522.00,,,,,,
1424,2016-01-09T05:37:31Z,-33.31130000,147.95798333,2538.00,,,,,,
1425,2016-01-09T05:37:41Z,-33.31175000,147.95700000,2556.00,,,,,,
1426,2016-01-09T05:37:51Z,-33.31268333,147.95606667,2535.00,,,,,,
1427,2016-01-09T05:38:01Z,-33.31305000,147.95455000,2520.00,,,,,,
1428,2016-01-09T05:38:11Z,-33.31305000,147.95301667,2528.00,,,,,,
1429,2016-01-09T05:38:21Z,-33.31268333,147.95133333,2514.00,,,,,,
1430,2016-01-09T05:38:31Z,-33.31156667,147.94991667,2522.00,,,,,,
1431,2016-01-09T05:38:41Z,-33.31063333,147.94885000,2522.00,,,,,,
1432,2016-01-09T05:38:51Z,-33.31058333,147.94698333,2500.00,,,,,,
1433,2016-01-09T05:39:01Z,-33.31100000,147.94515000,2441.00,,,,,,
1434,2016-01-09T05:39:11Z,-33.31095000,147.94328333,2368.00,,,,,,
1435,2016-01-09T05:39:21Z,-33.31085000,147.94165000,2316.00,,,,,,
1436,2016-01-09T05:39:31Z,-33.31071667,147.94015000,2283.00,,,,,,
1437,2016-01-09T05:39:41Z,-33.31058333,147.93881667,2224.00,,,,,,
1438,2016-01-09T05:39:51Z,-33.31043333,147.93705000,2194.00,,,,,,
1439,2016-01-09T05:40:01Z,-33.31031667,147.93515000,2173.00,,,,,,
1440,2016-01-09T05:40:11Z,-33.31020000,147.93348333,2207.00,,,,,,
1441,2016-01-09T05:40:21Z,-33.30963333,147.93495000,2218.00,,,,,,
1442,2016-01-09T05:40:31Z,-33.31026667,147.93483333,2238.00,,,,,,
1443,2016-01-09T05:40:41Z,-33.30943333,147.93591667,2256.00,,,,,,
1444,2016-01-09T05:40:51Z,-33.30978333,147.93573333,2290.00,,,,,,
1445,2016-01-09T05:41:01Z,-33.30918333,147.93720000,2311.00,,,,,,
1446,2016-01-09T05:41:11Z,-33.30936667,147.93673333,2335.00,,,,,,
1447,2016-01-09T05:41:21Z,-33.30843333,147.93813333,2359.00,,,,,,
1448,2016-01-09T05:41:31Z,-33.30866667,147.93780000,2378.00,,,,,,
1449,2016-01-09T05:41:41Z,-33.30768333,147.93913333,2392.00,,,,,,
1450,2016-01-09T05:41:51Z,-33.30803333,147.93881667,2408.00,,,,,,
1451,2016-01-09T05:42:01Z,-33.30698333,147.94008333,2405.00,,,,,,
1452,2016-01-09T05:42:11Z,-33.30826667,147.94061667,2414.00,,,,,,
1453,2016-01-09T05:42:21Z,-33.30740000,147.94181667,2424.00,,,,,,
1454,2016-01-09T05:42:31Z,-33.30736667,147.94118333,2440.00,,,,,,
1455,2016-01-09T05:42:41Z,-33.30740000,147.94250000,2448.00,,,,,,
1456,2016-01-09T05:42:51Z,-33.30611667,147.94236667,2447.00,,,,,,
1457,2016-01-09T05:43:01Z,-33.30591667,147.94091667,2439.00,,,,,,
1458,2016-01-09T05:43:11Z,-33.30555000,147.93945000,2433.00,,,,,,
1459,2016-01-09T05:43:21Z,-33.30593333,147.93746667,2397.00,,,,,,
1460,2016-01-09T05:43:31Z,-33.30541667,147.93588333,2354.00,,,,,,
1461,2016-01-09T05:43:41Z,-33.30625000,147.93453333,2308.00,,,,,,
1462,2016-01-09T05:43:51Z,-33.30695000,147.93320000,2267.00,,,,,,
1463,2016-01-09T05:44:01Z,-33.30705000,147.93188333,2237.00,,,,,,
1464,2016-01-09T05:44:11Z,-33.30746667,147.93026667,2219.00,,,,,,
1465,2016-01-09T05:44:21Z,-33.30760000,147.92850000,2197.00,,,,,,
1466,2016-01-09T05:44:31Z,-33.30775000,147.92671667,2172.00,,,,,,
1467,2016-01-09T05:44:41Z,-33.30811667,147.92488333,2138.00,,,,,,
1468,2016-01-09T05:44:51Z,-33.30815000,147.92288333,2101.00,,,,,,
1469,2016-01-09T05:45:01Z,-33.30840000,147.92118333,2075.00,,,,,,
1470,2016-01-09T05:45:11Z,-33.30898333,147.91950000,2055.00,,,,,,
1471,2016-01-09T05:45:21Z,-33.30896667,147.91798333,2040.00,,,,,,
1472,2016-01-09T05:45:31Z,-33.30883333,147.91673333,2019.00,,,,,,
1473,2016-01-09T05:45:41Z,-33.30896667,147.91538333,1991.00,,,,,,
1474,2016-01-09T05:45:51Z,-33.30888333,147.91390000,1956.00,,,,,,
1475,2016-01-09T05:46:01Z,-33.30860000,147.91246667,1928.00,,,,,,
1476,2016-01-09T05:46:11Z,-33.30840000,147.91091667,1913.00,,,,,,
1477,2016-01-09T05:46:21Z,-33.30846667,147.90935000,1904.00,,,,,,
1478,2016-01-09T05:46:31Z,-33.30845000,147.90785000,1893.00,,,,,,
1479,2016-01-09T05:46:41Z,-33.30831667,147.90625000,1878.00,,,,,,
1480,2016-01-09T05:46:51Z,-33.30831667,147.90470000,1856.00,,,,,,
1481,2016-01-09T05:47:01Z,-33.30835000,147.90310000,1810.00,,,,,,
1482,2016-01-09T05:47:11Z,-33.30796667,147.90153333,1765.00,,,,,,
1483,2016-01-09T05:47:21Z,-33.30766667,147.89998333,1715.00,,,,,,
1484,2016-01-09T05:47:31Z,-33.30753333,147.89831667,1671.00,,,,,,
1485,2016-01-09T05:47:41Z,-33.30721667,147.89666667,1621.00,,,,,,
1486,2016-01-09T05:47:51Z,-33.30673333,147.89490000,1569.00,,,,,,
1487,2016-01-09T05:48:01Z,-33.30633333,147.89325000,1532.00,,,,,,
1488,2016-01-09T05:48:11Z,-33.30615000,147.89160000,1485.00,,,,,,
1489,2016-01-09T05:48:21Z,-33.30603333,147.89005000,1442.00,,,,,,
1490,2016-01-09T05:48:31Z,-33.30613333,147.88828333,1415.00,,,,,,
1491,2016-01-09T05:48:41Z,-33.30590000,147.88685000,1392.00,,,,,,
1492,2016-01-09T05:48:51Z,-33.30575000,147.88523333,1362.00,,,,,,
1493,2016-01-09T05:49:01Z,-33.30591667,147.88398333,1344.00,,,,,,
1494,2016-01-09T05:49:11Z,-33.30628333,147.88265000,1315.00,,,,,,
1495,2016-01-09T05:49:21Z,-33.30603333,147.88106667,1293.00,,,,,,
1496,2016-01-09T05:49:31Z,-33.30603333,147.87951667,1305.00,,,,,,
1497,2016-01-09T05:49:41Z,-33.30685000,147.88033333,1330.00,,,,,,
1498,2016-01-09T05:49:51Z,-33.30573333,147.88105000,1340.00,,,,,,
1499,2016-01-09T05:50:01Z,-33.30598333,147.88040000,1363.00,,,,,,
1500,2016-01-09T05:50:11Z,-33.30586667,147.88195000,1383.00,,,,,,
1501,2016-01-09T05:50:21Z,-33.30560000,147.88136667,1405.00,,,,,,
1502,2016-01-09T05:50:31Z,-33.30560000,147.88273333,1434.00,,,,,,
1503,2016-01-09T05:50:41Z,-33.30563333,147.88243333,1456.00,,,,,,
1504,2016-01-09T05:50:51Z,-33.30530000,147.88373333,1484.00,,,,,,
1505,2016-01-09T05:51:01Z,-33.30573333,147.88335000,1506.00,,,,,,
1506,2016-01-09T05:51:11Z,-33.30530000,147.88463333,1530.00,,,,,,
1507,2016-01-09T05:51:21Z,-33.30583333,147.88473333,1557.00,,,,,,
1508,2016-01-09T05:51:31Z,-33.30510000,147.88511667,1592.00,,,,,,
1509,2016-01-09T05:51:41Z,-33.30561667,147.88638333,1621.00,,,,,,
1510,2016-01-09T05:51:51Z,-33.30513333,147.88620000,1648.00,,,,,,
1511,2016-01-09T05:52:01Z,-33.30545000,147.88765000,1670.00,,,,,,
1512,2016-01-09T05:52:11Z,-33.30501667,147.88721667,1690.00,,,,,,
1513,2016-01-09T05:52:21Z,-33.30506667,147.88855000,1708.00,,,,,,
1514,2016-01-09T05:52:31Z,-33.30538333,147.88866667,1725.00,,,,,,
1515,2016-01-09T05:52:41Z,-33.30470000,147.88931667,1743.00,,,,,,
1516,2016-01-09T05:52:51Z,-33.30540000,147.89005000,1756.00,,,,,,
1517,2016-01-09T05:53:01Z,-33.30458333,147.89073333,1768.00,,,,,,
1518,2016-01-09T05:53:11Z,-33.30543333,147.89110000,1782.00,,,,,,
1519,2016-01-09T05:53:21Z,-33.30478333,147.89258333,1789.00,,,,,,
1520,2016-01-09T05:53:31Z,-33.30521667,147.89231667,1799.00,,,,,,
1521,2016-01-09T05:53:41Z,-33.30645000,147.89256667,1801.00,,,,,,
1522,2016-01-09T05:53:52Z,-33.30613333,147.89186667,1805.00,,,,,,
1523,2016-01-09T05:54:02Z,-33.30623333,147.89348333,1800.00,,,,,,
1524,2016-01-09T05:54:12Z,-33.30731667,147.89445000,1807.00,,,,,,
1525,2016-01-09T05:54:22Z,-33.30673333,147.89610000,1814.00,,,,,,
1526,2016-01-09T05:54:32Z,-33.30676667,147.89535000,1808.00,,,,,,
1527,2016-01-09T05:54:42Z,-33.30710000,147.89468333,1805.00,,,,,,
1528,2016-01-09T05:54:52Z,-33.30671667,147.89358333,1794.00,,,,,,
1529,2016-01-09T05:55:02Z,-33.30675000,147.89228333,1795.00,,,,,,
1530,2016-01-09T05:55:12Z,-33.30660000,147.89116667,1813.00,,,,,,
1531,2016-01-09T05:55:22Z,-33.30615000,147.89251667,1821.00,,,,,,
1532,2016-01-09T05:55:32Z,-33.30728333,147.89288333,1837.00,,,,,,
1533,2016-01-09T05:55:42Z,-33.30658333,147.89385000,1853.00,,,,,,
1534,2016-01-09T05:55:52Z,-33.30740000,147.89420000,1862.00,,,,,,
1535,2016-01-09T05:56:02Z,-33.30675000,147.89536667,1883.00,,,,,,
1536,2016-01-09T05:56:12Z,-33.30755000,147.89531667,1890.00,,,,,,
1537,2016-01-09T05:56:22Z,-33.30696667,147.89661667,1901.00,,,,,,
1538,2016-01-09T05:56:32Z,-33.30798333,147.89633333,1902.00,,,,,,
1539,2016-01-09T05:56:42Z,-33.30776667,147.89530000,1907.00,,,,,,
1540,2016-01-09T05:56:52Z,-33.30785000,147.89408333,1898.00,,,,,,
1541,2016-01-09T05:57:02Z,-33.30803333,147.89258333,1887.00,,,,,,
1542,2016-01-09T05:57:12Z,-33.30813333,147.89093333,1866.00,,,,,,
1543,2016-01-09T05:57:22Z,-33.30805000,147.88925000,1845.00,,,,,,
1544,2016-01-09T05:57:32Z,-33.30755000,147.88801667,1850.00,,,,,,
1545,2016-01-09T05:57:42Z,-33.30728333,147.88661667,1826.00,,,,,,
1546,2016-01-09T05:57:52Z,-33.30701667,147.88518333,1793.00,,,,,,
1547,2016-01-09T05:58:02Z,-33.30651667,147.88388333,1757.00,,,,,,
1548,2016-01-09T05:58:12Z,-33.30616667,147.88213333,1736.00,,,,,,
1549,2016-01-09T05:58:22Z,-33.30595000,147.88023333,1701.00,,,,,,
1550,2016-01-09T05:58:32Z,-33.30540000,147.87841667,1684.00,,,,,,
1551,2016-01-09T05:58:42Z,-33.30483333,147.87675000,1656.00,,,,,,
1552,2016-01-09T05:58:52Z,-33.30456667,147.87548333,1658.00,,,,,,
1553,2016-01-09T05:59:02Z,-33.30436667,147.87425000,1630.00,,,,,,
1554,2016-01-09T05:59:12Z,-33.30420000,147.87291667,1599.00,,,,,,
1555,2016-01-09T05:59:22Z,-33.30401667,147.87155000,1561.00,,,,,,
1556,2016-01-09T05:59:32Z,-33.30435000,147.87013333,1525.00,,,,,,
1557,2016-01-09T05:59:42Z,-33.30478333,147.86870000,1508.00,,,,,,
1558,2016-01-09T05:59:52Z,-33.30481667,147.86706667,1495.00,,,,,,
1559,2016-01-09T06:00:02Z,-33.30476667,147.86558333,1485.00,,,,,,
1560,2016-01-09T06:00:12Z,-33.30493333,147.86420000,1476.00,,,,,,
1561,2016-01-09T06:00:22Z,-33.30471667,147.86285000,1459.00,,,,,,
1562,2016-01-09T06:00:32Z,-33.30466667,147.86143333,1445.00,,,,,,
1563,2016-01-09T06:00:42Z,-33.30478333,147.85985000,1426.00,,,,,,
1564,2016-01-09T06:00:52Z,-33.30478333,147.85865000,1437.00,,,,,,
1565,2016-01-09T06:01:02Z,-33.30430000,147.85993333,1440.00,,,,,,
1566,2016-01-09T06:01:12Z,-33.30508333,147.85980000,1439.00,,,,,,
1567,2016-01-09T06:01:22Z,-33.30495000,147.85833333,1415.00,,,,,,
1568,2016-01-09T06:01:32Z,-33.30466667,147.85693333,1429.00,,,,,,
1569,2016-01-09T06:01:42Z,-33.30520000,147.85651667,1457.00,,,,,,
1570,2016-01-09T06:01:52Z,-33.30451667,147.85766667,1480.00,,,,,,
1571,2016-01-09T06:02:02Z,-33.30501667,147.85775000,1505.00,,,,,,
1572,2016-01-09T06:02:12Z,-33.30415000,147.85821667,1528.00,,,,,,
1573,2016-01-09T06:02:22Z,-33.30418333,147.85933333,1553.00,,,,,,
1574,2016-01-09T06:02:32Z,-33.30431667,147.85956667,1577.00,,,,,,
1575,2016-01-09T06:02:42Z,-33.30371667,147.85993333,1605.00,,,,,,
1576,2016-01-09T06:02:52Z,-33.30376667,147.86121667,1630.00,,,,,,
1577,2016-01-09T06:03:02Z,-33.30401667,147.86116667,1655.00,,,,,,
1578,2016-01-09T06:03:12Z,-33.30340000,147.86195000,1681.00,,,,,,
1579,2016-01-09T06:03:22Z,-33.30385000,147.86291667,1699.00,,,,,,
1580,2016-01-09T06:03:32Z,-33.30351667,147.86273333,1730.00,,,,,,
1581,2016-01-09T06:03:42Z,-33.30345000,147.86410000,1746.00,,,,,,
1582,2016-01-09T06:03:52Z,-33.30363333,147.86396667,1768.00,,,,,,
1583,2016-01-09T06:04:02Z,-33.30295000,147.86456667,1788.00,,,,,,
1584,2016-01-09T06:04:12Z,-33.30341667,147.86535000,1801.00,,,,,,
1585,2016-01-09T06:04:22Z,-33.30280000,147.86528333,1827.00,,,,,,
1586,2016-01-09T06:04:32Z,-33.30286667,147.86666667,1851.00,,,,,,
1587,2016-01-09T06:04:42Z,-33.30325000,147.86673333,1874.00,,,,,,
1588,2016-01-09T06:04:52Z,-33.30251667,147.86740000,1901.00,,,,,,
1589,2016-01-09T06:05:02Z,-33.30300000,147.86803333,1920.00,,,,,,
1590,2016-01-09T06:05:12Z,-33.30241667,147.86791667,1949.00,,,,,,
1591,2016-01-09T06:05:22Z,-33.30198333,147.86901667,1980.00,,,,,,
1592,2016-01-09T06:05:32Z,-33.30233333,147.86905000,1995.00,,,,,,
1593,2016-01-09T06:05:42Z,-33.30146667,147.86975000,2015.00,,,,,,
1594,2016-01-09T06:05:52Z,-33.30215000,147.87053333,2030.00,,,,,,
1595,2016-01-09T06:06:02Z,-33.30181667,147.87070000,2050.00,,,,,,
1596,2016-01-09T06:06:12Z,-33.30146667,147.87198333,2068.00,,,,,,
1597,2016-01-09T06:06:22Z,-33.30201667,147.87223333,2079.00,,,,,,
1598,2016-01-09T06:06:32Z,-33.30163333,147.87395000,2090.00,,,,,,
1599,2016-01-09T06:06:42Z,-33.30158333,147.87373333,2110.00,,,,,,
1600,2016-01-09T06:06:52Z,-33.30106667,147.87526667,2128.00,,,,,,
1601,2016-01-09T06:07:02Z,-33.30136667,147.87508333,2146.00,,,,,,
1602,2016-01-09T06:07:12Z,-33.30130000,147.87681667,2155.00,,,,,,
1603,2016-01-09T06:07:22Z,-33.30033333,147.87645000,2179.00,,,,,,
1604,2016-01-09T06:07:32Z,-33.29956667,147.87776667,2204.00,,,,,,
1605,2016-01-09T06:07:42Z,-33.30045000,147.87805000,2226.00,,,,,,
1606,2016-01-09T06:07:52Z,-33.29958333,147.87886667,2246.00,,,,,,
1607,2016-01-09T06:08:02Z,-33.30016667,147.87945000,2266.00,,,,,,
1608,2016-01-09T06:08:12Z,-33.29920000,147.88043333,2285.00,,,,,,
1609,2016-01-09T06:08:22Z,-33.29991667,147.88098333,2302.00,,,,,,
1610,2016-01-09T06:08:32Z,-33.29901667,147.88186667,2318.00,,,,,,
1611,2016-01-09T06:08:42Z,-33.29981667,147.88226667,2336.00,,,,,,
1612,2016-01-09T06:08:52Z,-33.29893333,147.88303333,2344.00,,,,,,
1613,2016-01-09T06:09:02Z,-33.29986667,147.88443333,2361.00,,,,,,
1614,2016-01-09T06:09:12Z,-33.29921667,147.88436667,2362.00,,,,,,
1615,2016-01-09T06:09:22Z,-33.29953333,147.88603333,2380.00,,,,,,
1616,2016-01-09T06:09:32Z,-33.29915000,147.88553333,2381.00,,,,,,
1617,2016-01-09T06:09:42Z,-33.29763333,147.88668333,2392.00,,,,,,
1618,2016-01-09T06:09:52Z,-33.29728333,147.88848333,2416.00,,,,,,
1619,2016-01-09T06:10:02Z,-33.29700000,147.88825000,2431.00,,,,,,
1620,2016-01-09T06:10:12Z,-33.29626667,147.89013333,2445.00,,,,,,
1621,2016-01-09T06:10:22Z,-33.29645000,147.89011667,2450.00,,,,,,
1622,2016-01-09T06:10:33Z,-33.29491667,147.89113333,2457.00,,,,,,
1623,2016-01-09T06:10:43Z,-33.29538333,147.89273333,2434.00,,,,,,
1624,2016-01-09T06:10:53Z,-33.29576667,147.89225000,2437.00,,,,,,
1625,2016-01-09T06:11:03Z,-33.29511667,147.89140000,2444.00,,,,,,
1626,2016-01-09T06:11:13Z,-33.29418333,147.89023333,2435.00,,,,,,
1627,2016-01-09T06:11:23Z,-33.29356667,147.88868333,2427.00,,,,,,
1628,2016-01-09T06:11:33Z,-33.29336667,147.88701667,2389.00,,,,,,
1629,2016-01-09T06:11:43Z,-33.29383333,147.88581667,2415.00,,,,,,
1630,2016-01-09T06:11:53Z,-33.29265000,147.88620000,2423.00,,,,,,
1631,2016-01-09T06:12:03Z,-33.29318333,147.88596667,2430.00,,,,,,
1632,2016-01-09T06:12:13Z,-33.29378333,147.88653333,2443.00,,,,,,
1633,2016-01-09T06:12:23Z,-33.29253333,147.88720000,2470.00,,,,,,
1634,2016-01-09T06:12:33Z,-33.29305000,147.88776667,2489.00,,,,,,
1635,2016-01-09T06:12:43Z,-33.29185000,147.88776667,2500.00,,,,,,
1636,2016-01-09T06:12:53Z,-33.29273333,147.88698333,2496.00,,,,,,
1637,2016-01-09T06:13:03Z,-33.29296667,147.88535000,2485.00,,,,,,
1638,2016-01-09T06:13:13Z,-33.29301667,147.88358333,2468.00,,,,,,
1639,2016-01-09T06:13:23Z,-33.29286667,147.88175000,2455.00,,,,,,
1640,2016-01-09T06:13:33Z,-33.29265000,147.87990000,2429.00,,,,,,
1641,2016-01-09T06:13:43Z,-33.29231667,147.87776667,2381.00,,,,,,
1642,2016-01-09T06:13:53Z,-33.29216667,147.87563333,2340.00,,,,,,
1643,2016-01-09T06:14:03Z,-33.29250000,147.87356667,2315.00,,,,,,
1644,2016-01-09T06:14:13Z,-33.29256667,147.87140000,2277.00,,,,,,
1645,2016-01-09T06:14:23Z,-33.29258333,147.86926667,2263.00,,,,,,
1646,2016-01-09T06:14:33Z,-33.29283333,147.86723333,2260.00,,,,,,
1647,2016-01-09T06:14:43Z,-33.29338333,147.86548333,2232.00,,,,,,
1648,2016-01-09T06:14:53Z,-33.29381667,147.86336667,2218.00,,,,,,
1649,2016-01-09T06:15:03Z,-33.29415000,147.86135000,2216.00,,,,,,
1650,2016-01-09T06:15:13Z,-33.29415000,147.85943333,2198.00,,,,,,
1651,2016-01-09T06:15:23Z,-33.29405000,147.85726667,2179.00,,,,,,
1652,2016-01-09T06:15:33Z,-33.29451667,147.85613333,2196.00,,,,,,
1653,2016-01-09T06:15:43Z,-33.29433333,147.85788333,2218.00,,,,,,
1654,2016-01-09T06:15:53Z,-33.29453333,147.85731667,2236.00,,,,,,
1655,2016-01-09T06:16:03Z,-33.29446667,147.85898333,2251.00,,,,,,
1656,2016-01-09T06:16:13Z,-33.29451667,147.85831667,2271.00,,,,,,
1657,2016-01-09T06:16:23Z,-33.29448333,147.85981667,2286.00,,,,,,
1658,2016-01-09T06:16:33Z,-33.29468333,147.85911667,2303.00,,,,,,
1659,2016-01-09T06:16:43Z,-33.29513333,147.86076667,2315.00,,,,,,
1660,2016-01-09T06:16:53Z,-33.29415000,147.86076667,2307.00,,,,,,
1661,2016-01-09T06:17:03Z,-33.29411667,147.85946667,2326.00,,,,,,
1662,2016-01-09T06:17:13Z,-33.29455000,147.86068333,2345.00,,,,,,
1663,2016-01-09T06:17:23Z,-33.29413333,147.85988333,2370.00,,,,,,
1664,2016-01-09T06:17:33Z,-33.29431667,147.86146667,2395.00,,,,,,
1665,2016-01-09T06:17:43Z,-33.29443333,147.86115000,2426.00,,,,,,
1666,2016-01-09T06:17:53Z,-33.29426667,147.86258333,2443.00,,,,,,
1667,2016-01-09T06:18:03Z,-33.29440000,147.86203333,2471.00,,,,,,
1668,2016-01-09T06:18:13Z,-33.29416667,147.86341667,2496.00,,,,,,
1669,2016-01-09T06:18:23Z,-33.29481667,147.86335000,2527.00,,,,,,
1670,2016-01-09T06:18:33Z,-33.29413333,147.86436667,2544.00,,,,,,
1671,2016-01-09T06:18:43Z,-33.29485000,147.86451667,2574.00,,,,,,
1672,2016-01-09T06:18:53Z,-33.29400000,147.86598333,2583.00,,,,,,
1673,2016-01-09T06:19:03Z,-33.29401667,147.86558333,2610.00,,,,,,
1674,2016-01-09T06:19:13Z,-33.29400000,147.86720000,2629.00,,,,,,
1675,2016-01-09T06:19:23Z,-33.29348333,147.86678333,2656.00,,,,,,
1676,2016-01-09T06:19:33Z,-33.29365000,147.86826667,2684.00,,,,,,
1677,2016-01-09T06:19:43Z,-33.29375000,147.86811667,2716.00,,,,,,
1678,2016-01-09T06:19:53Z,-33.29320000,147.86961667,2718.00,,,,,,
1679,2016-01-09T06:20:03Z,-33.29333333,147.86870000,2747.00,,,,,,
1680,2016-01-09T06:20:13Z,-33.29393333,147.87053333,2764.00,,,,,,
1681,2016-01-09T06:20:23Z,-33.29291667,147.87036667,2766.00,,,,,,
1682,2016-01-09T06:20:33Z,-33.29321667,147.86903333,2797.00,,,,,,
1683,2016-01-09T06:20:43Z,-33.29441667,147.86983333,2822.00,,,,,,
1684,2016-01-09T06:20:53Z,-33.29378333,147.87063333,2854.00,,,,,,
1685,2016-01-09T06:21:03Z,-33.29488333,147.87115000,2881.00,,,,,,
1686,2016-01-09T06:21:13Z,-33.29425000,147.87143333,2899.00,,,,,,
1687,2016-01-09T06:21:23Z,-33.29545000,147.87235000,2918.00,,,,,,
1688,2016-01-09T06:21:33Z,-33.29488333,147.87240000,2937.00,,,,,,
1689,2016-01-09T06:21:43Z,-33.29556667,147.87385000,2958.00,,,,,,
1690,2016-01-09T06:21:53Z,-33.29543333,147.87333333,2968.00,,,,,,
1691,2016-01-09T06:22:03Z,-33.29625000,147.87486667,2983.00,,,,,,
1692,2016-01-09T06:22:13Z,-33.29595000,147.87438333,2979.00,,,,,,
1693,2016-01-09T06:22:23Z,-33.29633333,147.87315000,3000.00,,,,,,
1694,2016-01-09T06:22:33Z,-33.29646667,147.87163333,3013.00,,,,,,
1695,2016-01-09T06:22:43Z,-33.29650000,147.86996667,2979.00,,,,,,
1696,2016-01-09T06:22:53Z,-33.29631667,147.86813333,2978.00,,,,,,
1697,2016-01-09T06:23:03Z,-33.29628333,147.86648333,2980.00,,,,,,
1698,2016-01-09T06:23:13Z,-33.29651667,147.86490000,2990.00,,,,,,
1699,2016-01-09T06:23:23Z,-33.29625000,147.86335000,3019.00,,,,,,
1700,2016-01-09T06:23:33Z,-33.29593333,147.86483333,3048.00,,,,,,
1701,2016-01-09T06:23:43Z,-33.29606667,147.86476667,3079.00,,,,,,
1702,2016-01-09T06:23:53Z,-33.29666667,147.86616667,3116.00,,,,,,
1703,2016-01-09T06:24:03Z,-33.29616667,147.86643333,3142.00,,,,,,
1704,2016-01-09T06:24:13Z,-33.29723333,147.86696667,3174.00,,,,,,
1705,2016-01-09T06:24:23Z,-33.29681667,147.86796667,3194.00,,,,,,
1706,2016-01-09T06:24:33Z,-33.29788333,147.86793333,3220.00,,,,,,
1707,2016-01-09T06:24:43Z,-33.29753333,147.86918333,3224.00,,,,,,
1708,2016-01-09T06:24:53Z,-33.29881667,147.86945000,3238.00,,,,,,
1709,2016-01-09T06:25:03Z,-33.29918333,147.86821667,3230.00,,,,,,
1710,2016-01-09T06:25:13Z,-33.29901667,147.86655000,3224.00,,,,,,
1711,2016-01-09T06:25:23Z,-33.29888333,147.86503333,3246.00,,,,,,
1712,2016-01-09T06:25:33Z,-33.29881667,147.86378333,3259.00,,,,,,
1713,2016-01-09T06:25:43Z,-33.29863333,147.86216667,3247.00,,,,,,
1714,2016-01-09T06:25:53Z,-33.29846667,147.85995000,3185.00,,,,,,
1715,2016-01-09T06:26:03Z,-33.29818333,147.85798333,3171.00,,,,,,
1716,2016-01-09T06:26:13Z,-33.29803333,147.85626667,3140.00,,,,,,
1717,2016-01-09T06:26:23Z,-33.29768333,147.85468333,3126.00,,,,,,
1718,2016-01-09T06:26:33Z,-33.29743333,147.85295000,3093.00,,,,,,
1719,2016-01-09T06:26:43Z,-33.29725000,147.85116667,3064.00,,,,,,
1720,2016-01-09T06:26:53Z,-33.29706667,147.84943333,3040.00,,,,,,
1721,2016-01-09T06:27:03Z,-33.29685000,147.84750000,3021.00,,,,,,
1722,2016-01-09T06:27:13Z,-33.29655000,147.84558333,3002.00,,,,,,
1723,2016-01-09T06:27:23Z,-33.29648333,147.84406667,2988.00,,,,,,
1724,2016-01-09T06:27:33Z,-33.29665000,147.84240000,2961.00,,,,,,
1725,2016-01-09T06:27:43Z,-33.29645000,147.84056667,2935.00,,,,,,
1726,2016-01-09T06:27:53Z,-33.29631667,147.83893333,2911.00,,,,,,
1727,2016-01-09T06:28:03Z,-33.29633333,147.83713333,2883.00,,,,,,
1728,2016-01-09T06:28:13Z,-33.29596667,147.83536667,2853.00,,,,,,
1729,2016-01-09T06:28:23Z,-33.29561667,147.83353333,2831.00,,,,,,
1730,2016-01-09T06:28:33Z,-33.29525000,147.83196667,2807.00,,,,,,
1731,2016-01-09T06:28:44Z,-33.29485000,147.83041667,2775.00,,,,,,
1732,2016-01-09T06:28:54Z,-33.29463333,147.82880000,2747.00,,,,,,
1733,2016-01-09T06:29:04Z,-33.29413333,147.82711667,2733.00,,,,,,
1734,2016-01-09T06:29:14Z,-33.29385000,147.82608333,2736.00,,,,,,
1735,2016-01-09T06:29:24Z,-33.29355000,147.82461667,2713.00,,,,,,
1736,2016-01-09T06:29:34Z,-33.29345000,147.82320000,2699.00,,,,,,
1737,2016-01-09T06:29:44Z,-33.29331667,147.82161667,2686.00,,,,,,
1738,2016-01-09T06:29:54Z,-33.29328333,147.82023333,2685.00,,,,,,
1739,2016-01-09T06:30:04Z,-33.29336667,147.81865000,2677.00,,,,,,
1740,2016-01-09T06:30:14Z,-33.29351667,147.81741667,2696.00,,,,,,
1741,2016-01-09T06:30:24Z,-33.29453333,147.81845000,2691.00,,,,,,
1742,2016-01-09T06:30:34Z,-33.29366667,147.82016667,2697.00,,,,,,
1743,2016-01-09T06:30:44Z,-33.29281667,147.81960000,2701.00,,,,,,
1744,2016-01-09T06:30:54Z,-33.29315000,147.81838333,2704.00,,,,,,
1745,2016-01-09T06:31:04Z,-33.29393333,147.81750000,2702.00,,,,,,
1746,2016-01-09T06:31:14Z,-33.29456667,147.81638333,2700.00,,,,,,
1747,2016-01-09T06:31:24Z,-33.29515000,147.81513333,2693.00,,,,,,
1748,2016-01-09T06:31:34Z,-33.29530000,147.81376667,2686.00,,,,,,
1749,2016-01-09T06:31:44Z,-33.29491667,147.81211667,2680.00,,,,,,
1750,2016-01-09T06:31:54Z,-33.29431667,147.81045000,2658.00,,,,,,
1751,2016-01-09T06:32:04Z,-33.29420000,147.80871667,2627.00,,,,,,
1752,2016-01-09T06:32:14Z,-33.29455000,147.80715000,2586.00,,,,,,
1753,2016-01-09T06:32:24Z,-33.29503333,147.80551667,2581.00,,,,,,
1754,2016-01-09T06:32:34Z,-33.29493333,147.80375000,2554.00,,,,,,
1755,2016-01-09T06:32:44Z,-33.29495000,147.80178333,2561.00,,,,,,
1756,2016-01-09T06:32:54Z,-33.29523333,147.80038333,2586.00,,,,,,
1757,2016-01-09T06:33:04Z,-33.29546667,147.80186667,2600.00,,,,,,
1758,2016-01-09T06:33:14Z,-33.29470000,147.80145000,2614.00,,,,,,
1759,2016-01-09T06:33:24Z,-33.29520000,147.80273333,2629.00,,,,,,
1760,2016-01-09T06:33:34Z,-33.29466667,147.80225000,2640.00,,,,,,
1761,2016-01-09T06:33:44Z,-33.29463333,147.80371667,2654.00,,,,,,
1762,2016-01-09T06:33:54Z,-33.29443333,147.80295000,2661.00,,,,,,
1763,2016-01-09T06:34:04Z,-33.29510000,147.80410000,2671.00,,,,,,
1764,2016-01-09T06:34:14Z,-33.29425000,147.80403333,2700.00,,,,,,
1765,2016-01-09T06:34:24Z,-33.29408333,147.80535000,2719.00,,,,,,
1766,2016-01-09T06:34:34Z,-33.29441667,147.80498333,2736.00,,,,,,
1767,2016-01-09T06:34:44Z,-33.29420000,147.80631667,2746.00,,,,,,
1768,2016-01-09T06:34:54Z,-33.29451667,147.80596667,2761.00,,,,,,
1769,2016-01-09T06:35:04Z,-33.29388333,147.80756667,2772.00,,,,,,
1770,2016-01-09T06:35:14Z,-33.29335000,147.80628333,2784.00,,,,,,
1771,2016-01-09T06:35:24Z,-33.29336667,147.80453333,2784.00,,,,,,
1772,2016-01-09T06:35:34Z,-33.29371667,147.80271667,2774.00,,,,,,
1773,2016-01-09T06:35:44Z,-33.29353333,147.80081667,2754.00,,,,,,
1774,2016-01-09T06:35:54Z,-33.29315000,147.79903333,2744.00,,,,,,
1775,2016-01-09T06:36:04Z,-33.29305000,147.79731667,2751.00,,,,,,
1776,2016-01-09T06:36:14Z,-33.29336667,147.79593333,2769.00,,,,,,
1777,2016-01-09T06:36:24Z,-33.29260000,147.79575000,2784.00,,,,,,
1778,2016-01-09T06:36:34Z,-33.29326667,147.79743333,2785.00,,,,,,
1779,2016-01-09T06:36:44Z,-33.29411667,147.79676667,2796.00,,,,,,
1780,2016-01-09T06:36:54Z,-33.29423333,147.79563333,2810.00,,,,,,
1781,2016-01-09T06:37:04Z,-33.29406667,147.79448333,2811.00,,,,,,
1782,2016-01-09T06:37:14Z,-33.29423333,147.79295000,2802.00,,,,,,
1783,2016-01-09T06:37:24Z,-33.29425000,147.79115000,2764.00,,,,,,
1784,2016-01-09T06:37:34Z,-33.29391667,147.78913333,2723.00,,,,,,
1785,2016-01-09T06:37:44Z,-33.29340000,147.78721667,2704.00,,,,,,
1786,2016-01-09T06:37:54Z,-33.29276667,147.78548333,2680.00,,,,,,
1787,2016-01-09T06:38:04Z,-33.29205000,147.78371667,2660.00,,,,,,
1788,2016-01-09T06:38:14Z,-33.29146667,147.78190000,2642.00,,,,,,
1789,2016-01-09T06:38:24Z,-33.29121667,147.78011667,2628.00,,,,,,
1790,2016-01-09T06:38:34Z,-33.29118333,147.77828333,2609.00,,,,,,
1791,2016-01-09T06:38:44Z,-33.29110000,147.77633333,2598.00,,,,,,
1792,2016-01-09T06:38:54Z,-33.29116667,147.77436667,2577.00,,,,,,
1793,2016-01-09T06:39:04Z,-33.29111667,147.77250000,2574.00,,,,,,
1794,2016-01-09T06:39:14Z,-33.29130000,147.77070000,2553.00,,,,,,
1795,2016-01-09T06:39:24Z,-33.29126667,147.76906667,2560.00,,,,,,
1796,2016-01-09T06:39:34Z,-33.29143333,147.76741667,2547.00,,,,,,
1797,2016-01-09T06:39:44Z,-33.29121667,147.76568333,2552.00,,,,,,
1798,2016-01-09T06:39:54Z,-33.29108333,147.76415000,2550.00,,,,,,
1799,2016-01-09T06:40:04Z,-33.29080000,147.76258333,2568.00,,,,,,
1800,2016-01-09T06:40:14Z,-33.29060000,147.76073333,2557.00,,,,,,
1801,2016-01-09T06:40:24Z,-33.29061667,147.75870000,2519.00,,,,,,
1802,2016-01-09T06:40:34Z,-33.29056667,147.75648333,2480.00,,,,,,
1803,2016-01-09T06:40:44Z,-33.29046667,147.75445000,2456.00,,,,,,
1804,2016-01-09T06:40:54Z,-33.29056667,147.75250000,2433.00,,,,,,
1805,2016-01-09T06:41:04Z,-33.29055000,147.75063333,2424.00,,,,,,
1806,2016-01-09T06:41:14Z,-33.29063333,147.74870000,2404.00,,,,,,
1807,2016-01-09T06:41:24Z,-33.29043333,147.74680000,2375.00,,,,,,
1808,2016-01-09T06:41:34Z,-33.29010000,147.74485000,2357.00,,,,,,
1809,2016-01-09T06:41:44Z,-33.28995000,147.74283333,2327.00,,,,,,
1810,2016-01-09T06:41:54Z,-33.28988333,147.74080000,2301.00,,,,,,
1811,2016-01-09T06:42:04Z,-33.28980000,147.73856667,2270.00,,,,,,
1812,2016-01-09T06:42:14Z,-33.28971667,147.73635000,2245.00,,,,,,
1813,2016-01-09T06:42:24Z,-33.28983333,147.73446667,2248.00,,,,,,
1814,2016-01-09T06:42:34Z,-33.28985000,147.73265000,2230.00,,,,,,
1815,2016-01-09T06:42:44Z,-33.28983333,147.73063333,2196.00,,,,,,
1816,2016-01-09T06:42:54Z,-33.28983333,147.72863333,2170.00,,,,,,
1817,2016-01-09T06:43:04Z,-33.28968333,147.72666667,2137.00,,,,,,
1818,2016-01-09T06:43:14Z,-33.28946667,147.72488333,2104.00,,,,,,
1819,2016-01-09T06:43:24Z,-33.28900000,147.72298333,2057.00,,,,,,
1820,2016-01-09T06:43:34Z,-33.28888333,147.72115000,2020.00,,,,,,
1821,2016-01-09T06:43:44Z,-33.28921667,147.71958333,2008.00,,,,,,
1822,2016-01-09T06:43:54Z,-33.28986667,147.71801667,1993.00,,,,,,
1823,2016-01-09T06:44:04Z,-33.29038333,147.71685000,1981.00,,,,,,
1824,2016-01-09T06:44:14Z,-33.29103333,147.71570000,1978.00,,,,,,
1825,2016-01-09T06:44:21Z,-33.29186667,147.71506667,1981.00,,,,,,
1826,2016-01-09T06:44:22Z,-33.29196667,147.71498333,1981.00,,,,,,
1827,2016-01-09T06:44:32Z,-33.29325000,147.71491667,1969.00,,,,,,
1828,2016-01-09T06:44:42Z,-33.29435000,147.71676667,1963.00,,,,,,
1829,2016-01-09T06:44:52Z,-33.29511667,147.71865000,1945.00,,,,,,
1830,2016-01-09T06:45:02Z,-33.29590000,147.72085000,1931.00,,,,,,
1831,2016-01-09T06:45:12Z,-33.29640000,147.72305000,1939.00,,,,,,
1832,2016-01-09T06:45:22Z,-33.29698333,147.72521667,1942.00,,,,,,
1833,2016-01-09T06:45:32Z,-33.29750000,147.72738333,1933.00,,,,,,
1834,2016-01-09T06:45:42Z,-33.29813333,147.72961667,1915.00,,,,,,
1835,2016-01-09T06:45:52Z,-33.29876667,147.73173333,1885.00,,,,,,
1836,2016-01-09T06:46:02Z,-33.29930000,147.73390000,1850.00,,,,,,
1837,2016-01-09T06:46:12Z,-33.29983333,147.73625000,1812.00,,,,,,
1838,2016-01-09T06:46:22Z,-33.30061667,147.73838333,1774.00,,,,,,
1839,2016-01-09T06:46:32Z,-33.30145000,147.74058333,1741.00,,,,,,
1840,2016-01-09T06:46:42Z,-33.30233333,147.74281667,1702.00,,,,,,
1841,2016-01-09T06:46:52Z,-33.30336667,147.74510000,1648.00,,,,,,
1842,2016-01-09T06:47:02Z,-33.30423333,147.74751667,1617.00,,,,,,
1843,2016-01-09T06:47:12Z,-33.30490000,147.74980000,1589.00,,,,,,
1844,2016-01-09T06:47:22Z,-33.30568333,147.75196667,1567.00,,,,,,
1845,2016-01-09T06:47:32Z,-33.30620000,147.75423333,1554.00,,,,,,
1846,2016-01-09T06:47:42Z,-33.30666667,147.75656667,1518.00,,,,,,
1847,2016-01-09T06:47:52Z,-33.30735000,147.75893333,1507.00,,,,,,
1848,2016-01-09T06:48:02Z,-33.30786667,147.76110000,1509.00,,,,,,
1849,2016-01-09T06:48:12Z,-33.30828333,147.76323333,1507.00,,,,,,
1850,2016-01-09T06:48:22Z,-33.30875000,147.76511667,1512.00,,,,,,
1851,2016-01-09T06:48:32Z,-33.30925000,147.76728333,1498.00,,,,,,
1852,2016-01-09T06:48:42Z,-33.30993333,147.76948333,1502.00,,,,,,
1853,2016-01-09T06:48:52Z,-33.31073333,147.77095000,1523.00,,,,,,
1854,2016-01-09T06:49:02Z,-33.31031667,147.77068333,1541.00,,,,,,
1855,2016-01-09T06:49:12Z,-33.31070000,147.77225000,1562.00,,,,,,
1856,2016-01-09T06:49:22Z,-33.31035000,147.77210000,1588.00,,,,,,
1857,2016-01-09T06:49:32Z,-33.31098333,147.77370000,1617.00,,,,,,
1858,2016-01-09T06:49:42Z,-33.31036667,147.77370000,1651.00,,,,,,
1859,2016-01-09T06:49:52Z,-33.31085000,147.77438333,1663.00,,,,,,
1860,2016-01-09T06:50:02Z,-33.31048333,147.77571667,1684.00,,,,,,
1861,2016-01-09T06:50:12Z,-33.30980000,147.77580000,1710.00,,,,,,
1862,2016-01-09T06:50:23Z,-33.31036667,147.77590000,1725.00,,,,,,
1863,2016-01-09T06:50:33Z,-33.30938333,147.77628333,1741.00,,,,,,
1864,2016-01-09T06:50:43Z,-33.31016667,147.77688333,1769.00,,,,,,
1865,2016-01-09T06:50:53Z,-33.30938333,147.77736667,1771.00,,,,,,
1866,2016-01-09T06:51:03Z,-33.31046667,147.77781667,1771.00,,,,,,
1867,2016-01-09T06:51:13Z,-33.31171667,147.77853333,1776.00,,,,,,
1868,2016-01-09T06:51:23Z,-33.31240000,147.78086667,1799.00,,,,,,
1869,2016-01-09T06:51:33Z,-33.31328333,147.78138333,1817.00,,,,,,
1870,2016-01-09T06:51:43Z,-33.31260000,147.78248333,1840.00,,,,,,
1871,2016-01-09T06:51:53Z,-33.31331667,147.78460000,1829.00,,,,,,
1872,2016-01-09T06:52:03Z,-33.31383333,147.78705000,1805.00,,,,,,
1873,2016-01-09T06:52:13Z,-33.31416667,147.78950000,1800.00,,,,,,
1874,2016-01-09T06:52:23Z,-33.31458333,147.79186667,1778.00,,,,,,
1875,2016-01-09T06:52:33Z,-33.31521667,147.79428333,1750.00,,,,,,
1876,2016-01-09T06:52:43Z,-33.31563333,147.79690000,1729.00,,,,,,
1877,2016-01-09T06:52:53Z,-33.31628333,147.79935000,1732.00,,,,,,
1878,2016-01-09T06:53:03Z,-33.31725000,147.80171667,1736.00,,,,,,
1879,2016-01-09T06:53:13Z,-33.31836667,147.80415000,1721.00,,,,,,
1880,2016-01-09T06:53:23Z,-33.31955000,147.80683333,1689.00,,,,,,
1881,2016-01-09T06:53:33Z,-33.32058333,147.80960000,1650.00,,,,,,
1882,2016-01-09T06:53:43Z,-33.32146667,147.81238333,1626.00,,,,,,
1883,2016-01-09T06:53:53Z,-33.32263333,147.81496667,1592.00,,,,,,
1884,2016-01-09T06:54:03Z,-33.32376667,147.81775000,1537.00,,,,,,
1885,2016-01-09T06:54:13Z,-33.32460000,147.82090000,1499.00,,,,,,
1886,2016-01-09T06:54:23Z,-33.32558333,147.82370000,1466.00,,,,,,
1887,2016-01-09T06:54:33Z,-33.32655000,147.82643333,1472.00,,,,,,
1888,2016-01-09T06:54:43Z,-33.32688333,147.82878333,1485.00,,,,,,
1889,2016-01-09T06:54:53Z,-33.32733333,147.83125000,1472.00,,,,,,
1890,2016-01-09T06:55:03Z,-33.32811667,147.83401667,1450.00,,,,,,
1891,2016-01-09T06:55:13Z,-33.32885000,147.83708333,1435.00,,,,,,
1892,2016-01-09T06:55:23Z,-33.32980000,147.84011667,1409.00,,,,,,
1893,2016-01-09T06:55:33Z,-33.33051667,147.84286667,1421.00,,,,,,
1894,2016-01-09T06:55:43Z,-33.33138333,147.84583333,1422.00,,,,,,
1895,2016-01-09T06:55:53Z,-33.33248333,147.84855000,1422.00,,,,,,
1896,2016-01-09T06:56:03Z,-33.33375000,147.85135000,1414.00,,,,,,
1897,2016-01-09T06:56:13Z,-33.33445000,147.85466667,1390.00,,,,,,
1898,2016-01-09T06:56:23Z,-33.33510000,147.85810000,1351.00,,,,,,
1899,2016-01-09T06:56:33Z,-33.33633333,147.86128333,1311.00,,,,,,
1900,2016-01-09T06:56:43Z,-33.33758333,147.86445000,1262.00,,,,,,
1901,2016-01-09T06:56:53Z,-33.33868333,147.86786667,1214.00,,,,,,
1902,2016-01-09T06:57:03Z,-33.33948333,147.87113333,1172.00,,,,,,
1903,2016-01-09T06:57:13Z,-33.34055000,147.87440000,1107.00,,,,,,
1904,2016-01-09T06:57:23Z,-33.34141667,147.87768333,1048.00,,,,,,
1905,2016-01-09T06:57:33Z,-33.34220000,147.88088333,1003.00,,,,,,
1906,2016-01-09T06:57:43Z,-33.34310000,147.88395000,957.00,,,,,,
1907,2016-01-09T06:57:53Z,-33.34400000,147.88715000,905.00,,,,,,
1908,2016-01-09T06:58:03Z,-33.34481667,147.89041667,878.00,,,,,,
1909,2016-01-09T06:58:13Z,-33.34581667,147.89360000,817.00,,,,,,
1910,2016-01-09T06:58:23Z,-33.34691667,147.89671667,761.00,,,,,,
1911,2016-01-09T06:58:33Z,-33.34760000,147.90000000,717.00,,,,,,
1912,2016-01-09T06:58:43Z,-33.34818333,147.90353333,674.00,,,,,,
1913,2016-01-09T06:58:53Z,-33.34886667,147.90686667,634.00,,,,,,
1914,2016-01-09T06:59:03Z,-33.34960000,147.91018333,587.00,,,,,,
1915,2016-01-09T06:59:13Z,-33.35045000,147.91335000,540.00,,,,,,
1916,2016-01-09T06:59:23Z,-33.35125000,147.91646667,511.00,,,,,,
1917,2016-01-09T06:59:33Z,-33.35193333,147.91941667,476.00,,,,,,
1918,2016-01-09T06:59:43Z,-33.35275000,147.92236667,414.00,,,,,,
1919,2016-01-09T06:59:53Z,-33.35365000,147.92535000,359.00,,,,,,
1920,2016-01-09T07:00:03Z,-33.35453333,147.92828333,312.00,,,,,,
1921,2016-01-09T07:00:13Z,-33.35533333,147.93113333,284.00,,,,,,
1922,2016-01-09T07:00:14Z,-33.35541667,147.93141667,282.00,,,,,,
1923,2016-01-09T07:00:15Z,-33.35548333,147.93170000,279.00,,,,,,
1924,2016-01-09T07:00:16Z,-33.35553333,147.93198333,276.00,,,,,,
1925,2016-01-09T07:00:17Z,-33.35560000,147.93226667,272.00,,,,,,
1926,2016-01-09T07:00:18Z,-33.35566667,147.93253333,268.00,,,,,,
1927,2016-01-09T07:00:19Z,-33.35571667,147.93281667,266.00,,,,,,
1928,2016-01-09T07:00:20Z,-33.35578333,147.93310000,263.00,,,,,,
1929,2016-01-09T07:00:21Z,-33.35585000,147.93336667,264.00,,,,,,
1930,2016-01-09T07:00:22Z,-33.35595000,147.93361667,271.00,,,,,,
1931,2016-01-09T07:00:23Z,-33.35600000,147.93380000,277.00,,,,,,
1932,2016-01-09T07:00:24Z,-33.35603333,147.93400000,279.00,,,,,,
1933,2016-01-09T07:00:25Z,-33.35605000,147.93416667,278.00,,,,,,
1934,2016-01-09T07:00:26Z,-33.35605000,147.93433333,274.00,,,,,,
1935,2016-01-09T07:00:27Z,-33.35603333,147.93451667,271.00,,,,,,
1936,2016-01-09T07:00:28Z,-33.35598333,147.93471667,270.00,,,,,,
1937,2016-01-09T07:00:29Z,-33.35591667,147.93490000,269.00,,,,,,
1938,2016-01-09T07:00:30Z,-33.35585000,147.93508333,267.00,,,,,,
1939,2016-01-09T07:00:31Z,-33.35576667,147.93526667,265.00,,,,,,
1940,2016-01-09T07:00:32Z,-33.35568333,147.93545000,262.00,,,,,,
1941,2016-01-09T07:00:33Z,-33.35560000,147.93563333,259.00,,,,,,
1942,2016-01-09T07:00:34Z,-33.35551667,147.93581667,256.00,,,,,,
1943,2016-01-09T07:00:35Z,-33.35543333,147.93600000,252.00,,,,,,
1944,2016-01-09T07:00:36Z,-33.35528333,147.93613333,249.00,,,,,,
1945,2016-01-09T07:00:37Z,-33.35513333,147.93621667,246.00,,,,,,
1946,2016-01-09T07:00:38Z,-33.35496667,147.93625000,242.00,,,,,,
1947,2016-01-09T07:00:39Z,-33.35483333,147.93621667,238.00,,,,,,
1948,2016-01-09T07:00:40Z,-33.35476667,147.93611667,236.00,,,,,,
1949,2016-01-09T07:00:41Z,-33.35473333,147.93600000,233.00,,,,,,
1950,2016-01-09T07:00:42Z,-33.35475000,147.93591667,232.00,,,,,,
1951,2016-01-09T07:00:43Z,-33.35480000,147.93585000,231.00,,,,,,
1952,2016-01-09T07:00:44Z,-33.35483333,147.93580000,228.00,,,,,,
1953,2016-01-09T07:00:45Z,-33.35490000,147.93576667,227.00,,,,,,
1954,2016-01-09T07:00:46Z,-33.35496667,147.93573333,226.00,,,,,,
1955,2016-01-09T07:00:47Z,-33.35503333,147.93570000,225.00,,,,,,
1956,2016-01-09T07:00:48Z,-33.35510000,147.93566667,223.00,,,,,,
1957,2016-01-09T07:00:49Z,-33.35516667,147.93561667,220.00,,,,,,
1958,2016-01-09T07:00:50Z,-33.35523333,147.93560000,219.00,,,,,,
1959,2016-01-09T07:00:51Z,-33.35530000,147.93556667,219.00,,,,,,
1960,2016-01-09T07:00:52Z,-33.35536667,147.93553333,220.00,,,,,,
1961,2016-01-09T07:00:53Z,-33.35538333,147.93553333,221.00,,,,,,
1962,2016-01-09T07:00:54Z,-33.35540000,147.93553333,220.00,,,,,,
1963,2016-01-09T07:00:55Z,-33.35540000,147.93553333,220.00,,,,,,
1964,2016-01-09T07:00:56Z,-33.35540000,147.93553333,220.00,,,,,,
1965,2016-01-09T07:00:57Z,-33.35540000,147.93553333,220.00,,,,,,
1966,2016-01-09T07:00:58Z,-33.35540000,147.93553333,220.00,,,,,,
1967,2016-01-09T07:00:59Z,-33.35541667,147.93553333,220.00,,,,,,
1968,2016-01-09T07:01:00Z,-33.35541667,147.93553333,220.00,,,,,,
1969,2016-01-09T07:01:01Z,-33.35543333,147.93553333,220.00,,,,,,
1970,2016-01-09T07:01:02Z,-33.35543333,147.93553333,220.00,,,,,,
1971,2016-01-09T07:01:03Z,-33.35545000,147.93553333,220.00,,,,,,
1972,2016-01-09T07:01:04Z,-33.35545000,147.93551667,220.00,,,,,,
1973,2016-01-09T07:01:05Z,-33.35546667,147.93551667,220.00,,,,,,
1974,2016-01-09T07:01:06Z,-33.35548333,147.93551667,220.00,,,,,,
1975,2016-01-09T07:01:07Z,-33.35548333,147.93550000,220.00,,,,,,
1976,2016-01-09T07:01:08Z,-33.35550000,147.93550000,221.00,,,,,,
1977,2016-01-09T07:01:09Z,-33.35551667,147.93550000,221.00,,,,,,
1978,2016-01-09T07:01:10Z,-33.35553333,147.93548333,221.00,,,,,,
1979,2016-01-09T07:01:11Z,-33.35553333,147.93548333,221.00,,,,,,
1980,2016-01-09T07:01:12Z,-33.35555000,147.93548333,220.00,,,,,,
1981,2016-01-09T07:01:13Z,-33.35555000,147.93546667,220.00,,,,,,
1982,2016-01-09T07:01:14Z,-33.35556667,147.93546667,220.00,,,,,,
1983,2016-01-09T07:01:15Z,-33.35558333,147.93545000,220.00,,,,,,
1984,2016-01-09T07:01:16Z,-33.35558333,147.93545000,220.00,,,,,,
1985,2016-01-09T07:01:17Z,-33.35561667,147.93546667,220.00,,,,,,
1986,2016-01-09T07:01:18Z,-33.35563333,147.93548333,220.00,,,,,,
1987,2016-01-09T07:01:19Z,-33.35563333,147.93546667,221.00,,,,,,
1988,2016-01-09T07:01:20Z,-33.35563333,147.93546667,221.00,,,,,,
1989,2016-01-09T07:01:21Z,-33.35563333,147.93546667,220.00,,,,,,
1990,2016-01-09T07:01:22Z,-33.35565000,147.93546667,220.00,,,,,,
1991,2016-01-09T07:01:23Z,-33.35565000,147.93546667,220.00,,,,,,
1992,2016-01-09T07:01:24Z,-33.35566667,147.93546667,220.00,,,,,,
1993,2016-01-09T07:01:25Z,-33.35568333,147.93545000,220.00,,,,,,
1994,2016-01-09T07:01:26Z,-33.35568333,147.93545000,220.00,,,,,,
1995,2016-01-09T07:01:27Z,-33.35570000,147.93545000,220.00,,,,,,
1996,2016-01-09T07:01:28Z,-33.35571667,147.93545000,220.00,,,,,,
1997,2016-01-09T07:01:29Z,-33.35571667,147.93545000,220.00,,,,,,
1998,2016-01-09T07:01:30Z,-33.35575000,147.93545000,220.00,,,,,,
1999,2016-01-09T07:01:31Z,-33.35575000,147.93543333,220.00,,,,,,
2000,2016-01-09T07:01:32Z,-33.35576667,147.93543333,220.00,,,,,,
2001,2016-01-09T07:01:33Z,-33.35578333,147.93543333,220.00,,,,,,
2002,2016-01-09T07:01:34Z,-33.35578333,147.93543333,220.00,,,,,,
2003,2016-01-09T07:01:35Z,-33.35580000,147.93543333,220.00,,,,,,
2004,2016-01-09T07:01:36Z,-33.35580000,147.93541667,220.00,,,,,,
2005,2016-01-09T07:01:37Z,-33.35581667,147.93541667,220.00,,,,,,
2006,2016-01-09T07:01:38Z,-33.35581667,147.93541667,220.00,,,,,,
2007,2016-01-09T07:01:39Z,-33.35581667,147.93541667,220.00,,,,,,
2008,2016-01-09T07:01:40Z,-33.35583333,147.93540000,220.00,,,,,,
